#datatype,string,long,dateTime:RFC3339,dateTime:RFC3339,dateTime:RFC3339,double,string,string,string,string,string
#group,false,false,true,true,false,false,true,true,true,true,true
#default,_result,,,,,,,,,,
,result,table,_start,_stop,_time,_value,_field,_measurement,name,pid,tid
,,0,2023-05-24T11:31:48.832905664Z,2023-05-31T11:31:48.832905664Z,2023-05-29T13:44:51.973374835Z,197.38,docker_used_memory_mb,NFCORE_SAREK:SAREK:BAM_APPLYBQSR:GATK4_APPLYBQSR (SRR11452471) (2677),NFCORE_SAREK:SAREK:BAM_APPLYBQSR:GATK4_APPLYBQSR (SRR11452471) (2677),3315509,2677
,,0,2023-05-24T11:31:48.832905664Z,2023-05-31T11:31:48.832905664Z,2023-05-29T13:44:54.974330333Z,424.91,docker_used_memory_mb,NFCORE_SAREK:SAREK:BAM_APPLYBQSR:GATK4_APPLYBQSR (SRR11452471) (2677),NFCORE_SAREK:SAREK:BAM_APPLYBQSR:GATK4_APPLYBQSR (SRR11452471) (2677),3315509,2677
,,0,2023-05-24T11:31:48.832905664Z,2023-05-31T11:31:48.832905664Z,2023-05-29T13:44:56.974067991Z,654.64,docker_used_memory_mb,NFCORE_SAREK:SAREK:BAM_APPLYBQSR:GATK4_APPLYBQSR (SRR11452471) (2677),NFCORE_SAREK:SAREK:BAM_APPLYBQSR:GATK4_APPLYBQSR (SRR11452471) (2677),3315509,2677
,,0,2023-05-24T11:31:48.832905664Z,2023-05-31T11:31:48.832905664Z,2023-05-29T13:44:58.973696937Z,761.9,docker_used_memory_mb,NFCORE_SAREK:SAREK:BAM_APPLYBQSR:GATK4_APPLYBQSR (SRR11452471) (2677),NFCORE_SAREK:SAREK:BAM_APPLYBQSR:GATK4_APPLYBQSR (SRR11452471) (2677),3315509,2677
,,0,2023-05-24T11:31:48.832905664Z,2023-05-31T11:31:48.832905664Z,2023-05-29T13:45:00.973901983Z,1047.46,docker_used_memory_mb,NFCORE_SAREK:SAREK:BAM_APPLYBQSR:GATK4_APPLYBQSR (SRR11452471) (2677),NFCORE_SAREK:SAREK:BAM_APPLYBQSR:GATK4_APPLYBQSR (SRR11452471) (2677),3315509,2677
,,0,2023-05-24T11:31:48.832905664Z,2023-05-31T11:31:48.832905664Z,2023-05-29T13:45:02.973989797Z,1149.73,docker_used_memory_mb,NFCORE_SAREK:SAREK:BAM_APPLYBQSR:GATK4_APPLYBQSR (SRR11452471) (2677),NFCORE_SAREK:SAREK:BAM_APPLYBQSR:GATK4_APPLYBQSR (SRR11452471) (2677),3315509,2677
,,0,2023-05-24T11:31:48.832905664Z,2023-05-31T11:31:48.832905664Z,2023-05-29T13:45:04.973843844Z,1279.38,docker_used_memory_mb,NFCORE_SAREK:SAREK:BAM_APPLYBQSR:GATK4_APPLYBQSR (SRR11452471) (2677),NFCORE_SAREK:SAREK:BAM_APPLYBQSR:GATK4_APPLYBQSR (SRR11452471) (2677),3315509,2677
,,0,2023-05-24T11:31:48.832905664Z,2023-05-31T11:31:48.832905664Z,2023-05-29T13:45:06.973378983Z,1313.58,docker_used_memory_mb,NFCORE_SAREK:SAREK:BAM_APPLYBQSR:GATK4_APPLYBQSR (SRR11452471) (2677),NFCORE_SAREK:SAREK:BAM_APPLYBQSR:GATK4_APPLYBQSR (SRR11452471) (2677),3315509,2677
,,0,2023-05-24T11:31:48.832905664Z,2023-05-31T11:31:48.832905664Z,2023-05-29T13:45:08.973903044Z,1314.88,docker_used_memory_mb,NFCORE_SAREK:SAREK:BAM_APPLYBQSR:GATK4_APPLYBQSR (SRR11452471) (2677),NFCORE_SAREK:SAREK:BAM_APPLYBQSR:GATK4_APPLYBQSR (SRR11452471) (2677),3315509,2677
,,0,2023-05-24T11:31:48.832905664Z,2023-05-31T11:31:48.832905664Z,2023-05-29T13:45:10.973697424Z,1321.13,docker_used_memory_mb,NFCORE_SAREK:SAREK:BAM_APPLYBQSR:GATK4_APPLYBQSR (SRR11452471) (2677),NFCORE_SAREK:SAREK:BAM_APPLYBQSR:GATK4_APPLYBQSR (SRR11452471) (2677),3315509,2677
,,0,2023-05-24T11:31:48.832905664Z,2023-05-31T11:31:48.832905664Z,2023-05-29T13:45:12.973469984Z,1330.75,docker_used_memory_mb,NFCORE_SAREK:SAREK:BAM_APPLYBQSR:GATK4_APPLYBQSR (SRR11452471) (2677),NFCORE_SAREK:SAREK:BAM_APPLYBQSR:GATK4_APPLYBQSR (SRR11452471) (2677),3315509,2677
,,0,2023-05-24T11:31:48.832905664Z,2023-05-31T11:31:48.832905664Z,2023-05-29T13:45:14.974093453Z,1331,docker_used_memory_mb,NFCORE_SAREK:SAREK:BAM_APPLYBQSR:GATK4_APPLYBQSR (SRR11452471) (2677),NFCORE_SAREK:SAREK:BAM_APPLYBQSR:GATK4_APPLYBQSR (SRR11452471) (2677),3315509,2677
,,0,2023-05-24T11:31:48.832905664Z,2023-05-31T11:31:48.832905664Z,2023-05-29T13:45:16.973766382Z,1331.68,docker_used_memory_mb,NFCORE_SAREK:SAREK:BAM_APPLYBQSR:GATK4_APPLYBQSR (SRR11452471) (2677),NFCORE_SAREK:SAREK:BAM_APPLYBQSR:GATK4_APPLYBQSR (SRR11452471) (2677),3315509,2677
,,0,2023-05-24T11:31:48.832905664Z,2023-05-31T11:31:48.832905664Z,2023-05-29T13:45:18.973501095Z,1332.88,docker_used_memory_mb,NFCORE_SAREK:SAREK:BAM_APPLYBQSR:GATK4_APPLYBQSR (SRR11452471) (2677),NFCORE_SAREK:SAREK:BAM_APPLYBQSR:GATK4_APPLYBQSR (SRR11452471) (2677),3315509,2677
,,0,2023-05-24T11:31:48.832905664Z,2023-05-31T11:31:48.832905664Z,2023-05-29T13:45:20.974244812Z,1333.62,docker_used_memory_mb,NFCORE_SAREK:SAREK:BAM_APPLYBQSR:GATK4_APPLYBQSR (SRR11452471) (2677),NFCORE_SAREK:SAREK:BAM_APPLYBQSR:GATK4_APPLYBQSR (SRR11452471) (2677),3315509,2677
,,0,2023-05-24T11:31:48.832905664Z,2023-05-31T11:31:48.832905664Z,2023-05-29T13:45:22.973971577Z,1334.32,docker_used_memory_mb,NFCORE_SAREK:SAREK:BAM_APPLYBQSR:GATK4_APPLYBQSR (SRR11452471) (2677),NFCORE_SAREK:SAREK:BAM_APPLYBQSR:GATK4_APPLYBQSR (SRR11452471) (2677),3315509,2677
,,0,2023-05-24T11:31:48.832905664Z,2023-05-31T11:31:48.832905664Z,2023-05-29T13:45:24.973689764Z,1352.6,docker_used_memory_mb,NFCORE_SAREK:SAREK:BAM_APPLYBQSR:GATK4_APPLYBQSR (SRR11452471) (2677),NFCORE_SAREK:SAREK:BAM_APPLYBQSR:GATK4_APPLYBQSR (SRR11452471) (2677),3315509,2677
,,0,2023-05-24T11:31:48.832905664Z,2023-05-31T11:31:48.832905664Z,2023-05-29T13:45:27.9735499Z,1352.95,docker_used_memory_mb,NFCORE_SAREK:SAREK:BAM_APPLYBQSR:GATK4_APPLYBQSR (SRR11452471) (2677),NFCORE_SAREK:SAREK:BAM_APPLYBQSR:GATK4_APPLYBQSR (SRR11452471) (2677),3315509,2677
,,0,2023-05-24T11:31:48.832905664Z,2023-05-31T11:31:48.832905664Z,2023-05-29T13:45:29.97419366Z,1353.47,docker_used_memory_mb,NFCORE_SAREK:SAREK:BAM_APPLYBQSR:GATK4_APPLYBQSR (SRR11452471) (2677),NFCORE_SAREK:SAREK:BAM_APPLYBQSR:GATK4_APPLYBQSR (SRR11452471) (2677),3315509,2677
,,0,2023-05-24T11:31:48.832905664Z,2023-05-31T11:31:48.832905664Z,2023-05-29T13:45:31.974321184Z,1354.3,docker_used_memory_mb,NFCORE_SAREK:SAREK:BAM_APPLYBQSR:GATK4_APPLYBQSR (SRR11452471) (2677),NFCORE_SAREK:SAREK:BAM_APPLYBQSR:GATK4_APPLYBQSR (SRR11452471) (2677),3315509,2677
,,0,2023-05-24T11:31:48.832905664Z,2023-05-31T11:31:48.832905664Z,2023-05-29T13:45:33.97386306Z,1354.21,docker_used_memory_mb,NFCORE_SAREK:SAREK:BAM_APPLYBQSR:GATK4_APPLYBQSR (SRR11452471) (2677),NFCORE_SAREK:SAREK:BAM_APPLYBQSR:GATK4_APPLYBQSR (SRR11452471) (2677),3315509,2677
,,0,2023-05-24T11:31:48.832905664Z,2023-05-31T11:31:48.832905664Z,2023-05-29T13:45:35.973355857Z,1354.22,docker_used_memory_mb,NFCORE_SAREK:SAREK:BAM_APPLYBQSR:GATK4_APPLYBQSR (SRR11452471) (2677),NFCORE_SAREK:SAREK:BAM_APPLYBQSR:GATK4_APPLYBQSR (SRR11452471) (2677),3315509,2677
,,0,2023-05-24T11:31:48.832905664Z,2023-05-31T11:31:48.832905664Z,2023-05-29T13:45:37.974069193Z,1354.85,docker_used_memory_mb,NFCORE_SAREK:SAREK:BAM_APPLYBQSR:GATK4_APPLYBQSR (SRR11452471) (2677),NFCORE_SAREK:SAREK:BAM_APPLYBQSR:GATK4_APPLYBQSR (SRR11452471) (2677),3315509,2677
,,0,2023-05-24T11:31:48.832905664Z,2023-05-31T11:31:48.832905664Z,2023-05-29T13:45:39.974060898Z,1354.98,docker_used_memory_mb,NFCORE_SAREK:SAREK:BAM_APPLYBQSR:GATK4_APPLYBQSR (SRR11452471) (2677),NFCORE_SAREK:SAREK:BAM_APPLYBQSR:GATK4_APPLYBQSR (SRR11452471) (2677),3315509,2677
,,0,2023-05-24T11:31:48.832905664Z,2023-05-31T11:31:48.832905664Z,2023-05-29T13:45:41.973689383Z,1362.78,docker_used_memory_mb,NFCORE_SAREK:SAREK:BAM_APPLYBQSR:GATK4_APPLYBQSR (SRR11452471) (2677),NFCORE_SAREK:SAREK:BAM_APPLYBQSR:GATK4_APPLYBQSR (SRR11452471) (2677),3315509,2677
,,0,2023-05-24T11:31:48.832905664Z,2023-05-31T11:31:48.832905664Z,2023-05-29T13:45:43.97428103Z,1362.88,docker_used_memory_mb,NFCORE_SAREK:SAREK:BAM_APPLYBQSR:GATK4_APPLYBQSR (SRR11452471) (2677),NFCORE_SAREK:SAREK:BAM_APPLYBQSR:GATK4_APPLYBQSR (SRR11452471) (2677),3315509,2677
,,0,2023-05-24T11:31:48.832905664Z,2023-05-31T11:31:48.832905664Z,2023-05-29T13:45:45.973915246Z,1363.01,docker_used_memory_mb,NFCORE_SAREK:SAREK:BAM_APPLYBQSR:GATK4_APPLYBQSR (SRR11452471) (2677),NFCORE_SAREK:SAREK:BAM_APPLYBQSR:GATK4_APPLYBQSR (SRR11452471) (2677),3315509,2677
,,0,2023-05-24T11:31:48.832905664Z,2023-05-31T11:31:48.832905664Z,2023-05-29T13:45:47.973639578Z,1363.02,docker_used_memory_mb,NFCORE_SAREK:SAREK:BAM_APPLYBQSR:GATK4_APPLYBQSR (SRR11452471) (2677),NFCORE_SAREK:SAREK:BAM_APPLYBQSR:GATK4_APPLYBQSR (SRR11452471) (2677),3315509,2677
,,0,2023-05-24T11:31:48.832905664Z,2023-05-31T11:31:48.832905664Z,2023-05-29T13:45:49.973473894Z,1363.18,docker_used_memory_mb,NFCORE_SAREK:SAREK:BAM_APPLYBQSR:GATK4_APPLYBQSR (SRR11452471) (2677),NFCORE_SAREK:SAREK:BAM_APPLYBQSR:GATK4_APPLYBQSR (SRR11452471) (2677),3315509,2677
,,0,2023-05-24T11:31:48.832905664Z,2023-05-31T11:31:48.832905664Z,2023-05-29T13:45:51.974144198Z,1367.93,docker_used_memory_mb,NFCORE_SAREK:SAREK:BAM_APPLYBQSR:GATK4_APPLYBQSR (SRR11452471) (2677),NFCORE_SAREK:SAREK:BAM_APPLYBQSR:GATK4_APPLYBQSR (SRR11452471) (2677),3315509,2677
,,0,2023-05-24T11:31:48.832905664Z,2023-05-31T11:31:48.832905664Z,2023-05-29T13:45:53.976327703Z,1368.51,docker_used_memory_mb,NFCORE_SAREK:SAREK:BAM_APPLYBQSR:GATK4_APPLYBQSR (SRR11452471) (2677),NFCORE_SAREK:SAREK:BAM_APPLYBQSR:GATK4_APPLYBQSR (SRR11452471) (2677),3315509,2677
,,0,2023-05-24T11:31:48.832905664Z,2023-05-31T11:31:48.832905664Z,2023-05-29T13:45:55.973962722Z,1368.43,docker_used_memory_mb,NFCORE_SAREK:SAREK:BAM_APPLYBQSR:GATK4_APPLYBQSR (SRR11452471) (2677),NFCORE_SAREK:SAREK:BAM_APPLYBQSR:GATK4_APPLYBQSR (SRR11452471) (2677),3315509,2677
,,0,2023-05-24T11:31:48.832905664Z,2023-05-31T11:31:48.832905664Z,2023-05-29T13:45:57.97372759Z,1368.71,docker_used_memory_mb,NFCORE_SAREK:SAREK:BAM_APPLYBQSR:GATK4_APPLYBQSR (SRR11452471) (2677),NFCORE_SAREK:SAREK:BAM_APPLYBQSR:GATK4_APPLYBQSR (SRR11452471) (2677),3315509,2677
,,0,2023-05-24T11:31:48.832905664Z,2023-05-31T11:31:48.832905664Z,2023-05-29T13:46:00.973720492Z,1369.27,docker_used_memory_mb,NFCORE_SAREK:SAREK:BAM_APPLYBQSR:GATK4_APPLYBQSR (SRR11452471) (2677),NFCORE_SAREK:SAREK:BAM_APPLYBQSR:GATK4_APPLYBQSR (SRR11452471) (2677),3315509,2677
,,0,2023-05-24T11:31:48.832905664Z,2023-05-31T11:31:48.832905664Z,2023-05-29T13:46:02.973636789Z,1369.2,docker_used_memory_mb,NFCORE_SAREK:SAREK:BAM_APPLYBQSR:GATK4_APPLYBQSR (SRR11452471) (2677),NFCORE_SAREK:SAREK:BAM_APPLYBQSR:GATK4_APPLYBQSR (SRR11452471) (2677),3315509,2677
,,0,2023-05-24T11:31:48.832905664Z,2023-05-31T11:31:48.832905664Z,2023-05-29T13:46:04.974347193Z,1369.49,docker_used_memory_mb,NFCORE_SAREK:SAREK:BAM_APPLYBQSR:GATK4_APPLYBQSR (SRR11452471) (2677),NFCORE_SAREK:SAREK:BAM_APPLYBQSR:GATK4_APPLYBQSR (SRR11452471) (2677),3315509,2677
,,0,2023-05-24T11:31:48.832905664Z,2023-05-31T11:31:48.832905664Z,2023-05-29T13:46:06.9738817Z,1369.29,docker_used_memory_mb,NFCORE_SAREK:SAREK:BAM_APPLYBQSR:GATK4_APPLYBQSR (SRR11452471) (2677),NFCORE_SAREK:SAREK:BAM_APPLYBQSR:GATK4_APPLYBQSR (SRR11452471) (2677),3315509,2677
,,0,2023-05-24T11:31:48.832905664Z,2023-05-31T11:31:48.832905664Z,2023-05-29T13:46:08.973751218Z,1369.22,docker_used_memory_mb,NFCORE_SAREK:SAREK:BAM_APPLYBQSR:GATK4_APPLYBQSR (SRR11452471) (2677),NFCORE_SAREK:SAREK:BAM_APPLYBQSR:GATK4_APPLYBQSR (SRR11452471) (2677),3315509,2677
,,0,2023-05-24T11:31:48.832905664Z,2023-05-31T11:31:48.832905664Z,2023-05-29T13:46:10.973558277Z,1369.42,docker_used_memory_mb,NFCORE_SAREK:SAREK:BAM_APPLYBQSR:GATK4_APPLYBQSR (SRR11452471) (2677),NFCORE_SAREK:SAREK:BAM_APPLYBQSR:GATK4_APPLYBQSR (SRR11452471) (2677),3315509,2677
,,0,2023-05-24T11:31:48.832905664Z,2023-05-31T11:31:48.832905664Z,2023-05-29T13:46:12.974269855Z,1369.39,docker_used_memory_mb,NFCORE_SAREK:SAREK:BAM_APPLYBQSR:GATK4_APPLYBQSR (SRR11452471) (2677),NFCORE_SAREK:SAREK:BAM_APPLYBQSR:GATK4_APPLYBQSR (SRR11452471) (2677),3315509,2677
,,0,2023-05-24T11:31:48.832905664Z,2023-05-31T11:31:48.832905664Z,2023-05-29T13:46:14.973890859Z,1369.51,docker_used_memory_mb,NFCORE_SAREK:SAREK:BAM_APPLYBQSR:GATK4_APPLYBQSR (SRR11452471) (2677),NFCORE_SAREK:SAREK:BAM_APPLYBQSR:GATK4_APPLYBQSR (SRR11452471) (2677),3315509,2677
,,0,2023-05-24T11:31:48.832905664Z,2023-05-31T11:31:48.832905664Z,2023-05-29T13:46:16.973741613Z,1371.41,docker_used_memory_mb,NFCORE_SAREK:SAREK:BAM_APPLYBQSR:GATK4_APPLYBQSR (SRR11452471) (2677),NFCORE_SAREK:SAREK:BAM_APPLYBQSR:GATK4_APPLYBQSR (SRR11452471) (2677),3315509,2677
,,0,2023-05-24T11:31:48.832905664Z,2023-05-31T11:31:48.832905664Z,2023-05-29T13:46:18.974168546Z,1371.68,docker_used_memory_mb,NFCORE_SAREK:SAREK:BAM_APPLYBQSR:GATK4_APPLYBQSR (SRR11452471) (2677),NFCORE_SAREK:SAREK:BAM_APPLYBQSR:GATK4_APPLYBQSR (SRR11452471) (2677),3315509,2677
,,0,2023-05-24T11:31:48.832905664Z,2023-05-31T11:31:48.832905664Z,2023-05-29T13:46:20.973798034Z,1371.89,docker_used_memory_mb,NFCORE_SAREK:SAREK:BAM_APPLYBQSR:GATK4_APPLYBQSR (SRR11452471) (2677),NFCORE_SAREK:SAREK:BAM_APPLYBQSR:GATK4_APPLYBQSR (SRR11452471) (2677),3315509,2677
,,0,2023-05-24T11:31:48.832905664Z,2023-05-31T11:31:48.832905664Z,2023-05-29T13:46:22.973569658Z,1372.11,docker_used_memory_mb,NFCORE_SAREK:SAREK:BAM_APPLYBQSR:GATK4_APPLYBQSR (SRR11452471) (2677),NFCORE_SAREK:SAREK:BAM_APPLYBQSR:GATK4_APPLYBQSR (SRR11452471) (2677),3315509,2677
,,0,2023-05-24T11:31:48.832905664Z,2023-05-31T11:31:48.832905664Z,2023-05-29T13:46:24.974534242Z,1372.19,docker_used_memory_mb,NFCORE_SAREK:SAREK:BAM_APPLYBQSR:GATK4_APPLYBQSR (SRR11452471) (2677),NFCORE_SAREK:SAREK:BAM_APPLYBQSR:GATK4_APPLYBQSR (SRR11452471) (2677),3315509,2677
,,0,2023-05-24T11:31:48.832905664Z,2023-05-31T11:31:48.832905664Z,2023-05-29T13:46:26.97405847Z,1372.64,docker_used_memory_mb,NFCORE_SAREK:SAREK:BAM_APPLYBQSR:GATK4_APPLYBQSR (SRR11452471) (2677),NFCORE_SAREK:SAREK:BAM_APPLYBQSR:GATK4_APPLYBQSR (SRR11452471) (2677),3315509,2677
,,0,2023-05-24T11:31:48.832905664Z,2023-05-31T11:31:48.832905664Z,2023-05-29T13:46:28.973774226Z,1372.3,docker_used_memory_mb,NFCORE_SAREK:SAREK:BAM_APPLYBQSR:GATK4_APPLYBQSR (SRR11452471) (2677),NFCORE_SAREK:SAREK:BAM_APPLYBQSR:GATK4_APPLYBQSR (SRR11452471) (2677),3315509,2677
,,0,2023-05-24T11:31:48.832905664Z,2023-05-31T11:31:48.832905664Z,2023-05-29T13:46:31.973716254Z,1372.59,docker_used_memory_mb,NFCORE_SAREK:SAREK:BAM_APPLYBQSR:GATK4_APPLYBQSR (SRR11452471) (2677),NFCORE_SAREK:SAREK:BAM_APPLYBQSR:GATK4_APPLYBQSR (SRR11452471) (2677),3315509,2677
,,0,2023-05-24T11:31:48.832905664Z,2023-05-31T11:31:48.832905664Z,2023-05-29T13:46:33.974160235Z,1375.16,docker_used_memory_mb,NFCORE_SAREK:SAREK:BAM_APPLYBQSR:GATK4_APPLYBQSR (SRR11452471) (2677),NFCORE_SAREK:SAREK:BAM_APPLYBQSR:GATK4_APPLYBQSR (SRR11452471) (2677),3315509,2677
,,0,2023-05-24T11:31:48.832905664Z,2023-05-31T11:31:48.832905664Z,2023-05-29T13:46:35.973940888Z,1375.12,docker_used_memory_mb,NFCORE_SAREK:SAREK:BAM_APPLYBQSR:GATK4_APPLYBQSR (SRR11452471) (2677),NFCORE_SAREK:SAREK:BAM_APPLYBQSR:GATK4_APPLYBQSR (SRR11452471) (2677),3315509,2677
,,0,2023-05-24T11:31:48.832905664Z,2023-05-31T11:31:48.832905664Z,2023-05-29T13:46:37.973618817Z,1375.7,docker_used_memory_mb,NFCORE_SAREK:SAREK:BAM_APPLYBQSR:GATK4_APPLYBQSR (SRR11452471) (2677),NFCORE_SAREK:SAREK:BAM_APPLYBQSR:GATK4_APPLYBQSR (SRR11452471) (2677),3315509,2677
,,0,2023-05-24T11:31:48.832905664Z,2023-05-31T11:31:48.832905664Z,2023-05-29T13:46:39.974443375Z,1376.86,docker_used_memory_mb,NFCORE_SAREK:SAREK:BAM_APPLYBQSR:GATK4_APPLYBQSR (SRR11452471) (2677),NFCORE_SAREK:SAREK:BAM_APPLYBQSR:GATK4_APPLYBQSR (SRR11452471) (2677),3315509,2677
,,0,2023-05-24T11:31:48.832905664Z,2023-05-31T11:31:48.832905664Z,2023-05-29T13:46:41.974348534Z,1376.98,docker_used_memory_mb,NFCORE_SAREK:SAREK:BAM_APPLYBQSR:GATK4_APPLYBQSR (SRR11452471) (2677),NFCORE_SAREK:SAREK:BAM_APPLYBQSR:GATK4_APPLYBQSR (SRR11452471) (2677),3315509,2677
,,0,2023-05-24T11:31:48.832905664Z,2023-05-31T11:31:48.832905664Z,2023-05-29T13:46:43.973973886Z,1377.23,docker_used_memory_mb,NFCORE_SAREK:SAREK:BAM_APPLYBQSR:GATK4_APPLYBQSR (SRR11452471) (2677),NFCORE_SAREK:SAREK:BAM_APPLYBQSR:GATK4_APPLYBQSR (SRR11452471) (2677),3315509,2677
,,0,2023-05-24T11:31:48.832905664Z,2023-05-31T11:31:48.832905664Z,2023-05-29T13:46:45.973526666Z,1377.25,docker_used_memory_mb,NFCORE_SAREK:SAREK:BAM_APPLYBQSR:GATK4_APPLYBQSR (SRR11452471) (2677),NFCORE_SAREK:SAREK:BAM_APPLYBQSR:GATK4_APPLYBQSR (SRR11452471) (2677),3315509,2677
,,0,2023-05-24T11:31:48.832905664Z,2023-05-31T11:31:48.832905664Z,2023-05-29T13:46:47.974268566Z,1377.54,docker_used_memory_mb,NFCORE_SAREK:SAREK:BAM_APPLYBQSR:GATK4_APPLYBQSR (SRR11452471) (2677),NFCORE_SAREK:SAREK:BAM_APPLYBQSR:GATK4_APPLYBQSR (SRR11452471) (2677),3315509,2677
,,0,2023-05-24T11:31:48.832905664Z,2023-05-31T11:31:48.832905664Z,2023-05-29T13:46:49.97390457Z,1378.11,docker_used_memory_mb,NFCORE_SAREK:SAREK:BAM_APPLYBQSR:GATK4_APPLYBQSR (SRR11452471) (2677),NFCORE_SAREK:SAREK:BAM_APPLYBQSR:GATK4_APPLYBQSR (SRR11452471) (2677),3315509,2677
,,0,2023-05-24T11:31:48.832905664Z,2023-05-31T11:31:48.832905664Z,2023-05-29T13:46:51.973799465Z,1378.1,docker_used_memory_mb,NFCORE_SAREK:SAREK:BAM_APPLYBQSR:GATK4_APPLYBQSR (SRR11452471) (2677),NFCORE_SAREK:SAREK:BAM_APPLYBQSR:GATK4_APPLYBQSR (SRR11452471) (2677),3315509,2677
,,0,2023-05-24T11:31:48.832905664Z,2023-05-31T11:31:48.832905664Z,2023-05-29T13:46:53.973547826Z,1378.28,docker_used_memory_mb,NFCORE_SAREK:SAREK:BAM_APPLYBQSR:GATK4_APPLYBQSR (SRR11452471) (2677),NFCORE_SAREK:SAREK:BAM_APPLYBQSR:GATK4_APPLYBQSR (SRR11452471) (2677),3315509,2677
,,0,2023-05-24T11:31:48.832905664Z,2023-05-31T11:31:48.832905664Z,2023-05-29T13:46:55.974006251Z,1378.3,docker_used_memory_mb,NFCORE_SAREK:SAREK:BAM_APPLYBQSR:GATK4_APPLYBQSR (SRR11452471) (2677),NFCORE_SAREK:SAREK:BAM_APPLYBQSR:GATK4_APPLYBQSR (SRR11452471) (2677),3315509,2677
,,0,2023-05-24T11:31:48.832905664Z,2023-05-31T11:31:48.832905664Z,2023-05-29T13:46:57.973704113Z,1378.94,docker_used_memory_mb,NFCORE_SAREK:SAREK:BAM_APPLYBQSR:GATK4_APPLYBQSR (SRR11452471) (2677),NFCORE_SAREK:SAREK:BAM_APPLYBQSR:GATK4_APPLYBQSR (SRR11452471) (2677),3315509,2677
,,0,2023-05-24T11:31:48.832905664Z,2023-05-31T11:31:48.832905664Z,2023-05-29T13:46:59.9741772Z,1378.98,docker_used_memory_mb,NFCORE_SAREK:SAREK:BAM_APPLYBQSR:GATK4_APPLYBQSR (SRR11452471) (2677),NFCORE_SAREK:SAREK:BAM_APPLYBQSR:GATK4_APPLYBQSR (SRR11452471) (2677),3315509,2677
,,0,2023-05-24T11:31:48.832905664Z,2023-05-31T11:31:48.832905664Z,2023-05-29T13:47:01.973967747Z,1379.22,docker_used_memory_mb,NFCORE_SAREK:SAREK:BAM_APPLYBQSR:GATK4_APPLYBQSR (SRR11452471) (2677),NFCORE_SAREK:SAREK:BAM_APPLYBQSR:GATK4_APPLYBQSR (SRR11452471) (2677),3315509,2677
,,0,2023-05-24T11:31:48.832905664Z,2023-05-31T11:31:48.832905664Z,2023-05-29T13:47:03.973679751Z,1381.55,docker_used_memory_mb,NFCORE_SAREK:SAREK:BAM_APPLYBQSR:GATK4_APPLYBQSR (SRR11452471) (2677),NFCORE_SAREK:SAREK:BAM_APPLYBQSR:GATK4_APPLYBQSR (SRR11452471) (2677),3315509,2677
,,0,2023-05-24T11:31:48.832905664Z,2023-05-31T11:31:48.832905664Z,2023-05-29T13:47:05.973354067Z,1381.77,docker_used_memory_mb,NFCORE_SAREK:SAREK:BAM_APPLYBQSR:GATK4_APPLYBQSR (SRR11452471) (2677),NFCORE_SAREK:SAREK:BAM_APPLYBQSR:GATK4_APPLYBQSR (SRR11452471) (2677),3315509,2677
,,0,2023-05-24T11:31:48.832905664Z,2023-05-31T11:31:48.832905664Z,2023-05-29T13:47:07.974454539Z,1382,docker_used_memory_mb,NFCORE_SAREK:SAREK:BAM_APPLYBQSR:GATK4_APPLYBQSR (SRR11452471) (2677),NFCORE_SAREK:SAREK:BAM_APPLYBQSR:GATK4_APPLYBQSR (SRR11452471) (2677),3315509,2677
,,0,2023-05-24T11:31:48.832905664Z,2023-05-31T11:31:48.832905664Z,2023-05-29T13:47:09.973978891Z,1381.97,docker_used_memory_mb,NFCORE_SAREK:SAREK:BAM_APPLYBQSR:GATK4_APPLYBQSR (SRR11452471) (2677),NFCORE_SAREK:SAREK:BAM_APPLYBQSR:GATK4_APPLYBQSR (SRR11452471) (2677),3315509,2677
,,0,2023-05-24T11:31:48.832905664Z,2023-05-31T11:31:48.832905664Z,2023-05-29T13:47:12.973852241Z,1381.98,docker_used_memory_mb,NFCORE_SAREK:SAREK:BAM_APPLYBQSR:GATK4_APPLYBQSR (SRR11452471) (2677),NFCORE_SAREK:SAREK:BAM_APPLYBQSR:GATK4_APPLYBQSR (SRR11452471) (2677),3315509,2677
,,0,2023-05-24T11:31:48.832905664Z,2023-05-31T11:31:48.832905664Z,2023-05-29T13:47:14.973409197Z,1382.11,docker_used_memory_mb,NFCORE_SAREK:SAREK:BAM_APPLYBQSR:GATK4_APPLYBQSR (SRR11452471) (2677),NFCORE_SAREK:SAREK:BAM_APPLYBQSR:GATK4_APPLYBQSR (SRR11452471) (2677),3315509,2677
,,0,2023-05-24T11:31:48.832905664Z,2023-05-31T11:31:48.832905664Z,2023-05-29T13:47:16.974160502Z,1382.3,docker_used_memory_mb,NFCORE_SAREK:SAREK:BAM_APPLYBQSR:GATK4_APPLYBQSR (SRR11452471) (2677),NFCORE_SAREK:SAREK:BAM_APPLYBQSR:GATK4_APPLYBQSR (SRR11452471) (2677),3315509,2677
,,0,2023-05-24T11:31:48.832905664Z,2023-05-31T11:31:48.832905664Z,2023-05-29T13:47:18.974022301Z,1382.1,docker_used_memory_mb,NFCORE_SAREK:SAREK:BAM_APPLYBQSR:GATK4_APPLYBQSR (SRR11452471) (2677),NFCORE_SAREK:SAREK:BAM_APPLYBQSR:GATK4_APPLYBQSR (SRR11452471) (2677),3315509,2677
,,0,2023-05-24T11:31:48.832905664Z,2023-05-31T11:31:48.832905664Z,2023-05-29T13:47:20.973649762Z,1382.16,docker_used_memory_mb,NFCORE_SAREK:SAREK:BAM_APPLYBQSR:GATK4_APPLYBQSR (SRR11452471) (2677),NFCORE_SAREK:SAREK:BAM_APPLYBQSR:GATK4_APPLYBQSR (SRR11452471) (2677),3315509,2677
,,0,2023-05-24T11:31:48.832905664Z,2023-05-31T11:31:48.832905664Z,2023-05-29T13:47:22.974235126Z,1382.05,docker_used_memory_mb,NFCORE_SAREK:SAREK:BAM_APPLYBQSR:GATK4_APPLYBQSR (SRR11452471) (2677),NFCORE_SAREK:SAREK:BAM_APPLYBQSR:GATK4_APPLYBQSR (SRR11452471) (2677),3315509,2677
,,0,2023-05-24T11:31:48.832905664Z,2023-05-31T11:31:48.832905664Z,2023-05-29T13:47:24.974073116Z,1382.08,docker_used_memory_mb,NFCORE_SAREK:SAREK:BAM_APPLYBQSR:GATK4_APPLYBQSR (SRR11452471) (2677),NFCORE_SAREK:SAREK:BAM_APPLYBQSR:GATK4_APPLYBQSR (SRR11452471) (2677),3315509,2677
,,0,2023-05-24T11:31:48.832905664Z,2023-05-31T11:31:48.832905664Z,2023-05-29T13:47:26.973789114Z,1382.21,docker_used_memory_mb,NFCORE_SAREK:SAREK:BAM_APPLYBQSR:GATK4_APPLYBQSR (SRR11452471) (2677),NFCORE_SAREK:SAREK:BAM_APPLYBQSR:GATK4_APPLYBQSR (SRR11452471) (2677),3315509,2677
,,0,2023-05-24T11:31:48.832905664Z,2023-05-31T11:31:48.832905664Z,2023-05-29T13:47:28.973422019Z,1382.32,docker_used_memory_mb,NFCORE_SAREK:SAREK:BAM_APPLYBQSR:GATK4_APPLYBQSR (SRR11452471) (2677),NFCORE_SAREK:SAREK:BAM_APPLYBQSR:GATK4_APPLYBQSR (SRR11452471) (2677),3315509,2677
,,0,2023-05-24T11:31:48.832905664Z,2023-05-31T11:31:48.832905664Z,2023-05-29T13:47:30.974210624Z,1382.24,docker_used_memory_mb,NFCORE_SAREK:SAREK:BAM_APPLYBQSR:GATK4_APPLYBQSR (SRR11452471) (2677),NFCORE_SAREK:SAREK:BAM_APPLYBQSR:GATK4_APPLYBQSR (SRR11452471) (2677),3315509,2677
,,0,2023-05-24T11:31:48.832905664Z,2023-05-31T11:31:48.832905664Z,2023-05-29T13:47:32.973762259Z,67.5,docker_used_memory_mb,NFCORE_SAREK:SAREK:BAM_APPLYBQSR:GATK4_APPLYBQSR (SRR11452471) (2677),NFCORE_SAREK:SAREK:BAM_APPLYBQSR:GATK4_APPLYBQSR (SRR11452471) (2677),3315509,2677
