#datatype,string,long,dateTime:RFC3339,dateTime:RFC3339,dateTime:RFC3339,double,string,string,string,string,string
#group,false,false,true,true,false,false,true,true,true,true,true
#default,_result,,,,,,,,,,
,result,table,_start,_stop,_time,_value,_field,_measurement,name,pid,tid
,,0,2023-05-13T14:17:34.837826423Z,2023-06-12T14:17:34.837826423Z,2023-06-08T00:59:28.069471694Z,75.8663,docker_cpu_usage_pct,mtnucratio (DA222) (2186),mtnucratio (DA222) (2186),733595,2186
,,0,2023-05-13T14:17:34.837826423Z,2023-06-12T14:17:34.837826423Z,2023-06-08T00:59:31.067934072Z,79.92,docker_cpu_usage_pct,mtnucratio (DA222) (2186),mtnucratio (DA222) (2186),733595,2186
,,0,2023-05-13T14:17:34.837826423Z,2023-06-12T14:17:34.837826423Z,2023-06-08T00:59:34.069242389Z,89.7721,docker_cpu_usage_pct,mtnucratio (DA222) (2186),mtnucratio (DA222) (2186),733595,2186
,,0,2023-05-13T14:17:34.837826423Z,2023-06-12T14:17:34.837826423Z,2023-06-08T00:59:38.073229866Z,71.7653,docker_cpu_usage_pct,mtnucratio (DA222) (2186),mtnucratio (DA222) (2186),733595,2186
,,0,2023-05-13T14:17:34.837826423Z,2023-06-12T14:17:34.837826423Z,2023-06-08T00:59:42.073057971Z,65.3357,docker_cpu_usage_pct,mtnucratio (DA222) (2186),mtnucratio (DA222) (2186),733595,2186
,,0,2023-05-13T14:17:34.837826423Z,2023-06-12T14:17:34.837826423Z,2023-06-08T00:59:46.073025751Z,81.953,docker_cpu_usage_pct,mtnucratio (DA222) (2186),mtnucratio (DA222) (2186),733595,2186
,,0,2023-05-13T14:17:34.837826423Z,2023-06-12T14:17:34.837826423Z,2023-06-08T00:59:50.073394843Z,83.8584,docker_cpu_usage_pct,mtnucratio (DA222) (2186),mtnucratio (DA222) (2186),733595,2186
,,0,2023-05-13T14:17:34.837826423Z,2023-06-12T14:17:34.837826423Z,2023-06-08T00:59:54.072955989Z,68.6516,docker_cpu_usage_pct,mtnucratio (DA222) (2186),mtnucratio (DA222) (2186),733595,2186
,,0,2023-05-13T14:17:34.837826423Z,2023-06-12T14:17:34.837826423Z,2023-06-08T00:59:58.069397187Z,82.1032,docker_cpu_usage_pct,mtnucratio (DA222) (2186),mtnucratio (DA222) (2186),733595,2186
,,0,2023-05-13T14:17:34.837826423Z,2023-06-12T14:17:34.837826423Z,2023-06-08T01:00:02.0755706Z,89.4504,docker_cpu_usage_pct,mtnucratio (DA222) (2186),mtnucratio (DA222) (2186),733595,2186
,,0,2023-05-13T14:17:34.837826423Z,2023-06-12T14:17:34.837826423Z,2023-06-08T01:00:05.081090968Z,65.0946,docker_cpu_usage_pct,mtnucratio (DA222) (2186),mtnucratio (DA222) (2186),733595,2186
,,0,2023-05-13T14:17:34.837826423Z,2023-06-12T14:17:34.837826423Z,2023-06-08T01:00:09.073234711Z,77.7401,docker_cpu_usage_pct,mtnucratio (DA222) (2186),mtnucratio (DA222) (2186),733595,2186
,,0,2023-05-13T14:17:34.837826423Z,2023-06-12T14:17:34.837826423Z,2023-06-08T01:00:12.080659368Z,81.8878,docker_cpu_usage_pct,mtnucratio (DA222) (2186),mtnucratio (DA222) (2186),733595,2186
,,0,2023-05-13T14:17:34.837826423Z,2023-06-12T14:17:34.837826423Z,2023-06-08T01:00:15.069368198Z,75.7919,docker_cpu_usage_pct,mtnucratio (DA222) (2186),mtnucratio (DA222) (2186),733595,2186
,,0,2023-05-13T14:17:34.837826423Z,2023-06-12T14:17:34.837826423Z,2023-06-08T01:00:19.077015596Z,78.2673,docker_cpu_usage_pct,mtnucratio (DA222) (2186),mtnucratio (DA222) (2186),733595,2186
,,0,2023-05-13T14:17:34.837826423Z,2023-06-12T14:17:34.837826423Z,2023-06-08T01:00:22.081066576Z,92.9546,docker_cpu_usage_pct,mtnucratio (DA222) (2186),mtnucratio (DA222) (2186),733595,2186
,,0,2023-05-13T14:17:34.837826423Z,2023-06-12T14:17:34.837826423Z,2023-06-08T01:00:26.076997077Z,71.0754,docker_cpu_usage_pct,mtnucratio (DA222) (2186),mtnucratio (DA222) (2186),733595,2186
,,0,2023-05-13T14:17:34.837826423Z,2023-06-12T14:17:34.837826423Z,2023-06-08T01:00:29.082290006Z,91.3474,docker_cpu_usage_pct,mtnucratio (DA222) (2186),mtnucratio (DA222) (2186),733595,2186
,,0,2023-05-13T14:17:34.837826423Z,2023-06-12T14:17:34.837826423Z,2023-06-08T01:00:33.069760051Z,78.8022,docker_cpu_usage_pct,mtnucratio (DA222) (2186),mtnucratio (DA222) (2186),733595,2186
,,0,2023-05-13T14:17:34.837826423Z,2023-06-12T14:17:34.837826423Z,2023-06-08T01:00:37.089162946Z,69.7777,docker_cpu_usage_pct,mtnucratio (DA222) (2186),mtnucratio (DA222) (2186),733595,2186
,,0,2023-05-13T14:17:34.837826423Z,2023-06-12T14:17:34.837826423Z,2023-06-08T01:00:41.077108305Z,80.726,docker_cpu_usage_pct,mtnucratio (DA222) (2186),mtnucratio (DA222) (2186),733595,2186
,,0,2023-05-13T14:17:34.837826423Z,2023-06-12T14:17:34.837826423Z,2023-06-08T01:00:44.069112497Z,54.0108,docker_cpu_usage_pct,mtnucratio (DA222) (2186),mtnucratio (DA222) (2186),733595,2186
,,0,2023-05-13T14:17:34.837826423Z,2023-06-12T14:17:34.837826423Z,2023-06-08T01:00:48.08495903Z,68.8581,docker_cpu_usage_pct,mtnucratio (DA222) (2186),mtnucratio (DA222) (2186),733595,2186
,,0,2023-05-13T14:17:34.837826423Z,2023-06-12T14:17:34.837826423Z,2023-06-08T01:00:51.077296122Z,59.5987,docker_cpu_usage_pct,mtnucratio (DA222) (2186),mtnucratio (DA222) (2186),733595,2186
,,0,2023-05-13T14:17:34.837826423Z,2023-06-12T14:17:34.837826423Z,2023-06-08T01:00:54.077232322Z,84.1018,docker_cpu_usage_pct,mtnucratio (DA222) (2186),mtnucratio (DA222) (2186),733595,2186
,,0,2023-05-13T14:17:34.837826423Z,2023-06-12T14:17:34.837826423Z,2023-06-08T01:00:58.077185806Z,89.1957,docker_cpu_usage_pct,mtnucratio (DA222) (2186),mtnucratio (DA222) (2186),733595,2186
,,0,2023-05-13T14:17:34.837826423Z,2023-06-12T14:17:34.837826423Z,2023-06-08T01:01:02.07714772Z,80.4413,docker_cpu_usage_pct,mtnucratio (DA222) (2186),mtnucratio (DA222) (2186),733595,2186
,,0,2023-05-13T14:17:34.837826423Z,2023-06-12T14:17:34.837826423Z,2023-06-08T01:01:05.069520863Z,73.3215,docker_cpu_usage_pct,mtnucratio (DA222) (2186),mtnucratio (DA222) (2186),733595,2186
,,0,2023-05-13T14:17:34.837826423Z,2023-06-12T14:17:34.837826423Z,2023-06-08T01:01:08.076983878Z,74.2394,docker_cpu_usage_pct,mtnucratio (DA222) (2186),mtnucratio (DA222) (2186),733595,2186
,,0,2023-05-13T14:17:34.837826423Z,2023-06-12T14:17:34.837826423Z,2023-06-08T01:01:12.067089803Z,80.4409,docker_cpu_usage_pct,mtnucratio (DA222) (2186),mtnucratio (DA222) (2186),733595,2186
,,0,2023-05-13T14:17:34.837826423Z,2023-06-12T14:17:34.837826423Z,2023-06-08T01:01:15.076580092Z,74.81,docker_cpu_usage_pct,mtnucratio (DA222) (2186),mtnucratio (DA222) (2186),733595,2186
,,0,2023-05-13T14:17:34.837826423Z,2023-06-12T14:17:34.837826423Z,2023-06-08T01:01:18.069299994Z,81.7016,docker_cpu_usage_pct,mtnucratio (DA222) (2186),mtnucratio (DA222) (2186),733595,2186
,,0,2023-05-13T14:17:34.837826423Z,2023-06-12T14:17:34.837826423Z,2023-06-08T01:01:22.081125679Z,82.9286,docker_cpu_usage_pct,mtnucratio (DA222) (2186),mtnucratio (DA222) (2186),733595,2186
,,0,2023-05-13T14:17:34.837826423Z,2023-06-12T14:17:34.837826423Z,2023-06-08T01:01:26.073259876Z,91.928,docker_cpu_usage_pct,mtnucratio (DA222) (2186),mtnucratio (DA222) (2186),733595,2186
,,0,2023-05-13T14:17:34.837826423Z,2023-06-12T14:17:34.837826423Z,2023-06-08T01:01:29.077441578Z,45.893,docker_cpu_usage_pct,mtnucratio (DA222) (2186),mtnucratio (DA222) (2186),733595,2186
,,0,2023-05-13T14:17:34.837826423Z,2023-06-12T14:17:34.837826423Z,2023-06-08T01:01:32.073300298Z,63.8057,docker_cpu_usage_pct,mtnucratio (DA222) (2186),mtnucratio (DA222) (2186),733595,2186
,,0,2023-05-13T14:17:34.837826423Z,2023-06-12T14:17:34.837826423Z,2023-06-08T01:01:36.073012523Z,80.3461,docker_cpu_usage_pct,mtnucratio (DA222) (2186),mtnucratio (DA222) (2186),733595,2186
,,0,2023-05-13T14:17:34.837826423Z,2023-06-12T14:17:34.837826423Z,2023-06-08T01:01:41.069720756Z,68.4815,docker_cpu_usage_pct,mtnucratio (DA222) (2186),mtnucratio (DA222) (2186),733595,2186
,,0,2023-05-13T14:17:34.837826423Z,2023-06-12T14:17:34.837826423Z,2023-06-08T01:01:45.069651517Z,70.2842,docker_cpu_usage_pct,mtnucratio (DA222) (2186),mtnucratio (DA222) (2186),733595,2186
,,0,2023-05-13T14:17:34.837826423Z,2023-06-12T14:17:34.837826423Z,2023-06-08T01:01:48.077198613Z,77.789,docker_cpu_usage_pct,mtnucratio (DA222) (2186),mtnucratio (DA222) (2186),733595,2186
,,0,2023-05-13T14:17:34.837826423Z,2023-06-12T14:17:34.837826423Z,2023-06-08T01:01:51.077158631Z,81.8812,docker_cpu_usage_pct,mtnucratio (DA222) (2186),mtnucratio (DA222) (2186),733595,2186
,,0,2023-05-13T14:17:34.837826423Z,2023-06-12T14:17:34.837826423Z,2023-06-08T01:01:55.066993715Z,76.2071,docker_cpu_usage_pct,mtnucratio (DA222) (2186),mtnucratio (DA222) (2186),733595,2186
,,0,2023-05-13T14:17:34.837826423Z,2023-06-12T14:17:34.837826423Z,2023-06-08T01:01:58.073217669Z,81.4842,docker_cpu_usage_pct,mtnucratio (DA222) (2186),mtnucratio (DA222) (2186),733595,2186
,,0,2023-05-13T14:17:34.837826423Z,2023-06-12T14:17:34.837826423Z,2023-06-08T01:02:01.077367718Z,72.3592,docker_cpu_usage_pct,mtnucratio (DA222) (2186),mtnucratio (DA222) (2186),733595,2186
,,0,2023-05-13T14:17:34.837826423Z,2023-06-12T14:17:34.837826423Z,2023-06-08T01:02:04.07046378Z,87.4824,docker_cpu_usage_pct,mtnucratio (DA222) (2186),mtnucratio (DA222) (2186),733595,2186
,,0,2023-05-13T14:17:34.837826423Z,2023-06-12T14:17:34.837826423Z,2023-06-08T01:02:08.069197723Z,70.4567,docker_cpu_usage_pct,mtnucratio (DA222) (2186),mtnucratio (DA222) (2186),733595,2186
,,0,2023-05-13T14:17:34.837826423Z,2023-06-12T14:17:34.837826423Z,2023-06-08T01:02:11.073509716Z,84.8206,docker_cpu_usage_pct,mtnucratio (DA222) (2186),mtnucratio (DA222) (2186),733595,2186
,,0,2023-05-13T14:17:34.837826423Z,2023-06-12T14:17:34.837826423Z,2023-06-08T01:02:14.072983638Z,53.9149,docker_cpu_usage_pct,mtnucratio (DA222) (2186),mtnucratio (DA222) (2186),733595,2186
,,0,2023-05-13T14:17:34.837826423Z,2023-06-12T14:17:34.837826423Z,2023-06-08T01:02:17.08938397Z,70.1246,docker_cpu_usage_pct,mtnucratio (DA222) (2186),mtnucratio (DA222) (2186),733595,2186
,,0,2023-05-13T14:17:34.837826423Z,2023-06-12T14:17:34.837826423Z,2023-06-08T01:02:20.066855722Z,68.774,docker_cpu_usage_pct,mtnucratio (DA222) (2186),mtnucratio (DA222) (2186),733595,2186
,,0,2023-05-13T14:17:34.837826423Z,2023-06-12T14:17:34.837826423Z,2023-06-08T01:02:24.080973565Z,86.5172,docker_cpu_usage_pct,mtnucratio (DA222) (2186),mtnucratio (DA222) (2186),733595,2186
,,0,2023-05-13T14:17:34.837826423Z,2023-06-12T14:17:34.837826423Z,2023-06-08T01:02:27.077500785Z,80.1524,docker_cpu_usage_pct,mtnucratio (DA222) (2186),mtnucratio (DA222) (2186),733595,2186
,,0,2023-05-13T14:17:34.837826423Z,2023-06-12T14:17:34.837826423Z,2023-06-08T01:02:31.080471878Z,83.7606,docker_cpu_usage_pct,mtnucratio (DA222) (2186),mtnucratio (DA222) (2186),733595,2186
,,0,2023-05-13T14:17:34.837826423Z,2023-06-12T14:17:34.837826423Z,2023-06-08T01:02:35.0747714Z,72.4133,docker_cpu_usage_pct,mtnucratio (DA222) (2186),mtnucratio (DA222) (2186),733595,2186
,,0,2023-05-13T14:17:34.837826423Z,2023-06-12T14:17:34.837826423Z,2023-06-08T01:02:38.079186185Z,64.4194,docker_cpu_usage_pct,mtnucratio (DA222) (2186),mtnucratio (DA222) (2186),733595,2186
,,0,2023-05-13T14:17:34.837826423Z,2023-06-12T14:17:34.837826423Z,2023-06-08T01:02:41.07333669Z,77.3534,docker_cpu_usage_pct,mtnucratio (DA222) (2186),mtnucratio (DA222) (2186),733595,2186
,,0,2023-05-13T14:17:34.837826423Z,2023-06-12T14:17:34.837826423Z,2023-06-08T01:02:45.069578671Z,66.8393,docker_cpu_usage_pct,mtnucratio (DA222) (2186),mtnucratio (DA222) (2186),733595,2186
,,0,2023-05-13T14:17:34.837826423Z,2023-06-12T14:17:34.837826423Z,2023-06-08T01:02:48.077105534Z,71.1832,docker_cpu_usage_pct,mtnucratio (DA222) (2186),mtnucratio (DA222) (2186),733595,2186
,,0,2023-05-13T14:17:34.837826423Z,2023-06-12T14:17:34.837826423Z,2023-06-08T01:02:51.069347038Z,75.5946,docker_cpu_usage_pct,mtnucratio (DA222) (2186),mtnucratio (DA222) (2186),733595,2186
,,0,2023-05-13T14:17:34.837826423Z,2023-06-12T14:17:34.837826423Z,2023-06-08T01:02:55.069300116Z,63.1856,docker_cpu_usage_pct,mtnucratio (DA222) (2186),mtnucratio (DA222) (2186),733595,2186
,,0,2023-05-13T14:17:34.837826423Z,2023-06-12T14:17:34.837826423Z,2023-06-08T01:02:59.073703513Z,72.0349,docker_cpu_usage_pct,mtnucratio (DA222) (2186),mtnucratio (DA222) (2186),733595,2186
,,0,2023-05-13T14:17:34.837826423Z,2023-06-12T14:17:34.837826423Z,2023-06-08T01:03:03.069250652Z,86.7793,docker_cpu_usage_pct,mtnucratio (DA222) (2186),mtnucratio (DA222) (2186),733595,2186
,,0,2023-05-13T14:17:34.837826423Z,2023-06-12T14:17:34.837826423Z,2023-06-08T01:03:06.073242094Z,80.2956,docker_cpu_usage_pct,mtnucratio (DA222) (2186),mtnucratio (DA222) (2186),733595,2186
,,0,2023-05-13T14:17:34.837826423Z,2023-06-12T14:17:34.837826423Z,2023-06-08T01:03:09.06653837Z,81.6839,docker_cpu_usage_pct,mtnucratio (DA222) (2186),mtnucratio (DA222) (2186),733595,2186
,,0,2023-05-13T14:17:34.837826423Z,2023-06-12T14:17:34.837826423Z,2023-06-08T01:03:13.073044412Z,56.3656,docker_cpu_usage_pct,mtnucratio (DA222) (2186),mtnucratio (DA222) (2186),733595,2186
,,0,2023-05-13T14:17:34.837826423Z,2023-06-12T14:17:34.837826423Z,2023-06-08T01:03:16.069546018Z,80.5212,docker_cpu_usage_pct,mtnucratio (DA222) (2186),mtnucratio (DA222) (2186),733595,2186
,,0,2023-05-13T14:17:34.837826423Z,2023-06-12T14:17:34.837826423Z,2023-06-08T01:03:20.06966369Z,70.8739,docker_cpu_usage_pct,mtnucratio (DA222) (2186),mtnucratio (DA222) (2186),733595,2186
,,0,2023-05-13T14:17:34.837826423Z,2023-06-12T14:17:34.837826423Z,2023-06-08T01:03:23.080957869Z,89.1179,docker_cpu_usage_pct,mtnucratio (DA222) (2186),mtnucratio (DA222) (2186),733595,2186
,,0,2023-05-13T14:17:34.837826423Z,2023-06-12T14:17:34.837826423Z,2023-06-08T01:03:27.089014489Z,86.6894,docker_cpu_usage_pct,mtnucratio (DA222) (2186),mtnucratio (DA222) (2186),733595,2186
,,0,2023-05-13T14:17:34.837826423Z,2023-06-12T14:17:34.837826423Z,2023-06-08T01:03:30.077302678Z,87.1573,docker_cpu_usage_pct,mtnucratio (DA222) (2186),mtnucratio (DA222) (2186),733595,2186
,,0,2023-05-13T14:17:34.837826423Z,2023-06-12T14:17:34.837826423Z,2023-06-08T01:03:34.081232468Z,83.6429,docker_cpu_usage_pct,mtnucratio (DA222) (2186),mtnucratio (DA222) (2186),733595,2186
,,0,2023-05-13T14:17:34.837826423Z,2023-06-12T14:17:34.837826423Z,2023-06-08T01:03:37.07727281Z,84.1445,docker_cpu_usage_pct,mtnucratio (DA222) (2186),mtnucratio (DA222) (2186),733595,2186
,,0,2023-05-13T14:17:34.837826423Z,2023-06-12T14:17:34.837826423Z,2023-06-08T01:03:41.070298588Z,80.4645,docker_cpu_usage_pct,mtnucratio (DA222) (2186),mtnucratio (DA222) (2186),733595,2186
,,0,2023-05-13T14:17:34.837826423Z,2023-06-12T14:17:34.837826423Z,2023-06-08T01:03:45.080934988Z,81.5185,docker_cpu_usage_pct,mtnucratio (DA222) (2186),mtnucratio (DA222) (2186),733595,2186
,,0,2023-05-13T14:17:34.837826423Z,2023-06-12T14:17:34.837826423Z,2023-06-08T01:03:49.080883673Z,80.361,docker_cpu_usage_pct,mtnucratio (DA222) (2186),mtnucratio (DA222) (2186),733595,2186
,,0,2023-05-13T14:17:34.837826423Z,2023-06-12T14:17:34.837826423Z,2023-06-08T01:03:52.072957199Z,83.9459,docker_cpu_usage_pct,mtnucratio (DA222) (2186),mtnucratio (DA222) (2186),733595,2186
,,0,2023-05-13T14:17:34.837826423Z,2023-06-12T14:17:34.837826423Z,2023-06-08T01:03:57.080173263Z,74.5063,docker_cpu_usage_pct,mtnucratio (DA222) (2186),mtnucratio (DA222) (2186),733595,2186
,,0,2023-05-13T14:17:34.837826423Z,2023-06-12T14:17:34.837826423Z,2023-06-08T01:04:00.069333428Z,82.9287,docker_cpu_usage_pct,mtnucratio (DA222) (2186),mtnucratio (DA222) (2186),733595,2186
,,0,2023-05-13T14:17:34.837826423Z,2023-06-12T14:17:34.837826423Z,2023-06-08T01:04:04.08101032Z,82.6157,docker_cpu_usage_pct,mtnucratio (DA222) (2186),mtnucratio (DA222) (2186),733595,2186
,,0,2023-05-13T14:17:34.837826423Z,2023-06-12T14:17:34.837826423Z,2023-06-08T01:04:07.0850428Z,73.9066,docker_cpu_usage_pct,mtnucratio (DA222) (2186),mtnucratio (DA222) (2186),733595,2186
,,0,2023-05-13T14:17:34.837826423Z,2023-06-12T14:17:34.837826423Z,2023-06-08T01:04:11.076953503Z,65.4892,docker_cpu_usage_pct,mtnucratio (DA222) (2186),mtnucratio (DA222) (2186),733595,2186
,,0,2023-05-13T14:17:34.837826423Z,2023-06-12T14:17:34.837826423Z,2023-06-08T01:04:14.073737046Z,70.7945,docker_cpu_usage_pct,mtnucratio (DA222) (2186),mtnucratio (DA222) (2186),733595,2186
,,0,2023-05-13T14:17:34.837826423Z,2023-06-12T14:17:34.837826423Z,2023-06-08T01:04:17.069432675Z,83.5844,docker_cpu_usage_pct,mtnucratio (DA222) (2186),mtnucratio (DA222) (2186),733595,2186
,,0,2023-05-13T14:17:34.837826423Z,2023-06-12T14:17:34.837826423Z,2023-06-08T01:04:21.073136096Z,82.363,docker_cpu_usage_pct,mtnucratio (DA222) (2186),mtnucratio (DA222) (2186),733595,2186
,,0,2023-05-13T14:17:34.837826423Z,2023-06-12T14:17:34.837826423Z,2023-06-08T01:04:25.069131876Z,68.2065,docker_cpu_usage_pct,mtnucratio (DA222) (2186),mtnucratio (DA222) (2186),733595,2186
,,0,2023-05-13T14:17:34.837826423Z,2023-06-12T14:17:34.837826423Z,2023-06-08T01:04:29.077255175Z,76.2137,docker_cpu_usage_pct,mtnucratio (DA222) (2186),mtnucratio (DA222) (2186),733595,2186
,,0,2023-05-13T14:17:34.837826423Z,2023-06-12T14:17:34.837826423Z,2023-06-08T01:04:33.066377479Z,84.8654,docker_cpu_usage_pct,mtnucratio (DA222) (2186),mtnucratio (DA222) (2186),733595,2186
,,0,2023-05-13T14:17:34.837826423Z,2023-06-12T14:17:34.837826423Z,2023-06-08T01:04:37.065812816Z,76.2424,docker_cpu_usage_pct,mtnucratio (DA222) (2186),mtnucratio (DA222) (2186),733595,2186
,,0,2023-05-13T14:17:34.837826423Z,2023-06-12T14:17:34.837826423Z,2023-06-08T01:04:41.069252438Z,72.0136,docker_cpu_usage_pct,mtnucratio (DA222) (2186),mtnucratio (DA222) (2186),733595,2186
,,0,2023-05-13T14:17:34.837826423Z,2023-06-12T14:17:34.837826423Z,2023-06-08T01:04:44.073150993Z,83.0486,docker_cpu_usage_pct,mtnucratio (DA222) (2186),mtnucratio (DA222) (2186),733595,2186
,,0,2023-05-13T14:17:34.837826423Z,2023-06-12T14:17:34.837826423Z,2023-06-08T01:04:48.073343073Z,71.3183,docker_cpu_usage_pct,mtnucratio (DA222) (2186),mtnucratio (DA222) (2186),733595,2186
,,0,2023-05-13T14:17:34.837826423Z,2023-06-12T14:17:34.837826423Z,2023-06-08T01:04:51.069370732Z,84.7594,docker_cpu_usage_pct,mtnucratio (DA222) (2186),mtnucratio (DA222) (2186),733595,2186
,,0,2023-05-13T14:17:34.837826423Z,2023-06-12T14:17:34.837826423Z,2023-06-08T01:04:54.077252051Z,93.3631,docker_cpu_usage_pct,mtnucratio (DA222) (2186),mtnucratio (DA222) (2186),733595,2186
,,0,2023-05-13T14:17:34.837826423Z,2023-06-12T14:17:34.837826423Z,2023-06-08T01:04:57.071001888Z,76.2325,docker_cpu_usage_pct,mtnucratio (DA222) (2186),mtnucratio (DA222) (2186),733595,2186
,,0,2023-05-13T14:17:34.837826423Z,2023-06-12T14:17:34.837826423Z,2023-06-08T01:05:01.077263868Z,84.2217,docker_cpu_usage_pct,mtnucratio (DA222) (2186),mtnucratio (DA222) (2186),733595,2186
,,0,2023-05-13T14:17:34.837826423Z,2023-06-12T14:17:34.837826423Z,2023-06-08T01:05:05.077451707Z,77.5324,docker_cpu_usage_pct,mtnucratio (DA222) (2186),mtnucratio (DA222) (2186),733595,2186
,,0,2023-05-13T14:17:34.837826423Z,2023-06-12T14:17:34.837826423Z,2023-06-08T01:05:09.077462311Z,81.8308,docker_cpu_usage_pct,mtnucratio (DA222) (2186),mtnucratio (DA222) (2186),733595,2186
,,0,2023-05-13T14:17:34.837826423Z,2023-06-12T14:17:34.837826423Z,2023-06-08T01:05:13.073367335Z,80.1871,docker_cpu_usage_pct,mtnucratio (DA222) (2186),mtnucratio (DA222) (2186),733595,2186
,,0,2023-05-13T14:17:34.837826423Z,2023-06-12T14:17:34.837826423Z,2023-06-08T01:05:16.068377231Z,70.7216,docker_cpu_usage_pct,mtnucratio (DA222) (2186),mtnucratio (DA222) (2186),733595,2186
,,0,2023-05-13T14:17:34.837826423Z,2023-06-12T14:17:34.837826423Z,2023-06-08T01:05:20.072763571Z,51.636,docker_cpu_usage_pct,mtnucratio (DA222) (2186),mtnucratio (DA222) (2186),733595,2186
,,0,2023-05-13T14:17:34.837826423Z,2023-06-12T14:17:34.837826423Z,2023-06-08T01:05:24.076970496Z,85.7055,docker_cpu_usage_pct,mtnucratio (DA222) (2186),mtnucratio (DA222) (2186),733595,2186
,,0,2023-05-13T14:17:34.837826423Z,2023-06-12T14:17:34.837826423Z,2023-06-08T01:05:28.07735251Z,75.2399,docker_cpu_usage_pct,mtnucratio (DA222) (2186),mtnucratio (DA222) (2186),733595,2186
,,0,2023-05-13T14:17:34.837826423Z,2023-06-12T14:17:34.837826423Z,2023-06-08T01:05:31.069276709Z,81.5219,docker_cpu_usage_pct,mtnucratio (DA222) (2186),mtnucratio (DA222) (2186),733595,2186
,,0,2023-05-13T14:17:34.837826423Z,2023-06-12T14:17:34.837826423Z,2023-06-08T01:05:35.070883492Z,73.2794,docker_cpu_usage_pct,mtnucratio (DA222) (2186),mtnucratio (DA222) (2186),733595,2186
,,0,2023-05-13T14:17:34.837826423Z,2023-06-12T14:17:34.837826423Z,2023-06-08T01:05:38.065633279Z,78.0283,docker_cpu_usage_pct,mtnucratio (DA222) (2186),mtnucratio (DA222) (2186),733595,2186
,,0,2023-05-13T14:17:34.837826423Z,2023-06-12T14:17:34.837826423Z,2023-06-08T01:05:41.077230593Z,71.6963,docker_cpu_usage_pct,mtnucratio (DA222) (2186),mtnucratio (DA222) (2186),733595,2186
,,0,2023-05-13T14:17:34.837826423Z,2023-06-12T14:17:34.837826423Z,2023-06-08T01:05:45.073196639Z,67.772,docker_cpu_usage_pct,mtnucratio (DA222) (2186),mtnucratio (DA222) (2186),733595,2186
,,0,2023-05-13T14:17:34.837826423Z,2023-06-12T14:17:34.837826423Z,2023-06-08T01:05:48.07732913Z,93.4195,docker_cpu_usage_pct,mtnucratio (DA222) (2186),mtnucratio (DA222) (2186),733595,2186
,,0,2023-05-13T14:17:34.837826423Z,2023-06-12T14:17:34.837826423Z,2023-06-08T01:05:52.069128995Z,93.642,docker_cpu_usage_pct,mtnucratio (DA222) (2186),mtnucratio (DA222) (2186),733595,2186
,,0,2023-05-13T14:17:34.837826423Z,2023-06-12T14:17:34.837826423Z,2023-06-08T01:05:56.089171944Z,84.6788,docker_cpu_usage_pct,mtnucratio (DA222) (2186),mtnucratio (DA222) (2186),733595,2186
,,0,2023-05-13T14:17:34.837826423Z,2023-06-12T14:17:34.837826423Z,2023-06-08T01:05:59.07305125Z,91.5316,docker_cpu_usage_pct,mtnucratio (DA222) (2186),mtnucratio (DA222) (2186),733595,2186
,,0,2023-05-13T14:17:34.837826423Z,2023-06-12T14:17:34.837826423Z,2023-06-08T01:06:03.069536951Z,70.8258,docker_cpu_usage_pct,mtnucratio (DA222) (2186),mtnucratio (DA222) (2186),733595,2186
,,0,2023-05-13T14:17:34.837826423Z,2023-06-12T14:17:34.837826423Z,2023-06-08T01:06:07.073547428Z,66.325,docker_cpu_usage_pct,mtnucratio (DA222) (2186),mtnucratio (DA222) (2186),733595,2186
,,0,2023-05-13T14:17:34.837826423Z,2023-06-12T14:17:34.837826423Z,2023-06-08T01:06:11.073369363Z,75.3467,docker_cpu_usage_pct,mtnucratio (DA222) (2186),mtnucratio (DA222) (2186),733595,2186
,,0,2023-05-13T14:17:34.837826423Z,2023-06-12T14:17:34.837826423Z,2023-06-08T01:06:14.074677095Z,80.5818,docker_cpu_usage_pct,mtnucratio (DA222) (2186),mtnucratio (DA222) (2186),733595,2186
,,0,2023-05-13T14:17:34.837826423Z,2023-06-12T14:17:34.837826423Z,2023-06-08T01:06:17.077010048Z,78.6444,docker_cpu_usage_pct,mtnucratio (DA222) (2186),mtnucratio (DA222) (2186),733595,2186
,,0,2023-05-13T14:17:34.837826423Z,2023-06-12T14:17:34.837826423Z,2023-06-08T01:06:21.071387013Z,66.6411,docker_cpu_usage_pct,mtnucratio (DA222) (2186),mtnucratio (DA222) (2186),733595,2186
,,0,2023-05-13T14:17:34.837826423Z,2023-06-12T14:17:34.837826423Z,2023-06-08T01:06:24.089103538Z,70.5523,docker_cpu_usage_pct,mtnucratio (DA222) (2186),mtnucratio (DA222) (2186),733595,2186
,,0,2023-05-13T14:17:34.837826423Z,2023-06-12T14:17:34.837826423Z,2023-06-08T01:06:27.076856525Z,62.235,docker_cpu_usage_pct,mtnucratio (DA222) (2186),mtnucratio (DA222) (2186),733595,2186
,,0,2023-05-13T14:17:34.837826423Z,2023-06-12T14:17:34.837826423Z,2023-06-08T01:06:31.069396321Z,68.9513,docker_cpu_usage_pct,mtnucratio (DA222) (2186),mtnucratio (DA222) (2186),733595,2186
,,0,2023-05-13T14:17:34.837826423Z,2023-06-12T14:17:34.837826423Z,2023-06-08T01:06:34.07319314Z,71.7418,docker_cpu_usage_pct,mtnucratio (DA222) (2186),mtnucratio (DA222) (2186),733595,2186
,,0,2023-05-13T14:17:34.837826423Z,2023-06-12T14:17:34.837826423Z,2023-06-08T01:06:37.07317411Z,78.2529,docker_cpu_usage_pct,mtnucratio (DA222) (2186),mtnucratio (DA222) (2186),733595,2186
,,0,2023-05-13T14:17:34.837826423Z,2023-06-12T14:17:34.837826423Z,2023-06-08T01:06:41.066025095Z,85.1723,docker_cpu_usage_pct,mtnucratio (DA222) (2186),mtnucratio (DA222) (2186),733595,2186
,,0,2023-05-13T14:17:34.837826423Z,2023-06-12T14:17:34.837826423Z,2023-06-08T01:06:44.073061075Z,69.5972,docker_cpu_usage_pct,mtnucratio (DA222) (2186),mtnucratio (DA222) (2186),733595,2186
,,0,2023-05-13T14:17:34.837826423Z,2023-06-12T14:17:34.837826423Z,2023-06-08T01:06:47.077502864Z,67.6909,docker_cpu_usage_pct,mtnucratio (DA222) (2186),mtnucratio (DA222) (2186),733595,2186
,,0,2023-05-13T14:17:34.837826423Z,2023-06-12T14:17:34.837826423Z,2023-06-08T01:06:51.077261986Z,73.0116,docker_cpu_usage_pct,mtnucratio (DA222) (2186),mtnucratio (DA222) (2186),733595,2186
,,0,2023-05-13T14:17:34.837826423Z,2023-06-12T14:17:34.837826423Z,2023-06-08T01:06:55.073288771Z,78.095,docker_cpu_usage_pct,mtnucratio (DA222) (2186),mtnucratio (DA222) (2186),733595,2186
,,0,2023-05-13T14:17:34.837826423Z,2023-06-12T14:17:34.837826423Z,2023-06-08T01:06:59.073062173Z,65.0541,docker_cpu_usage_pct,mtnucratio (DA222) (2186),mtnucratio (DA222) (2186),733595,2186
,,0,2023-05-13T14:17:34.837826423Z,2023-06-12T14:17:34.837826423Z,2023-06-08T01:07:04.077076148Z,88.4098,docker_cpu_usage_pct,mtnucratio (DA222) (2186),mtnucratio (DA222) (2186),733595,2186
,,0,2023-05-13T14:17:34.837826423Z,2023-06-12T14:17:34.837826423Z,2023-06-08T01:07:08.076554751Z,80.6632,docker_cpu_usage_pct,mtnucratio (DA222) (2186),mtnucratio (DA222) (2186),733595,2186
,,0,2023-05-13T14:17:34.837826423Z,2023-06-12T14:17:34.837826423Z,2023-06-08T01:07:12.072892225Z,69.7037,docker_cpu_usage_pct,mtnucratio (DA222) (2186),mtnucratio (DA222) (2186),733595,2186
,,0,2023-05-13T14:17:34.837826423Z,2023-06-12T14:17:34.837826423Z,2023-06-08T01:07:17.066047589Z,75.839,docker_cpu_usage_pct,mtnucratio (DA222) (2186),mtnucratio (DA222) (2186),733595,2186
,,0,2023-05-13T14:17:34.837826423Z,2023-06-12T14:17:34.837826423Z,2023-06-08T01:07:21.068445663Z,75.7995,docker_cpu_usage_pct,mtnucratio (DA222) (2186),mtnucratio (DA222) (2186),733595,2186
,,0,2023-05-13T14:17:34.837826423Z,2023-06-12T14:17:34.837826423Z,2023-06-08T01:07:26.096746228Z,85.5567,docker_cpu_usage_pct,mtnucratio (DA222) (2186),mtnucratio (DA222) (2186),733595,2186
,,0,2023-05-13T14:17:34.837826423Z,2023-06-12T14:17:34.837826423Z,2023-06-08T01:07:30.074895382Z,78.0435,docker_cpu_usage_pct,mtnucratio (DA222) (2186),mtnucratio (DA222) (2186),733595,2186
,,0,2023-05-13T14:17:34.837826423Z,2023-06-12T14:17:34.837826423Z,2023-06-08T01:07:36.070365327Z,87.376,docker_cpu_usage_pct,mtnucratio (DA222) (2186),mtnucratio (DA222) (2186),733595,2186
,,0,2023-05-13T14:17:34.837826423Z,2023-06-12T14:17:34.837826423Z,2023-06-08T01:07:42.088705689Z,89.5777,docker_cpu_usage_pct,mtnucratio (DA222) (2186),mtnucratio (DA222) (2186),733595,2186
,,0,2023-05-13T14:17:34.837826423Z,2023-06-12T14:17:34.837826423Z,2023-06-08T01:07:47.069296268Z,87.9834,docker_cpu_usage_pct,mtnucratio (DA222) (2186),mtnucratio (DA222) (2186),733595,2186
,,0,2023-05-13T14:17:34.837826423Z,2023-06-12T14:17:34.837826423Z,2023-06-08T01:07:55.073478475Z,100.0596,docker_cpu_usage_pct,mtnucratio (DA222) (2186),mtnucratio (DA222) (2186),733595,2186
,,0,2023-05-13T14:17:34.837826423Z,2023-06-12T14:17:34.837826423Z,2023-06-08T01:07:58.070418798Z,75.9736,docker_cpu_usage_pct,mtnucratio (DA222) (2186),mtnucratio (DA222) (2186),733595,2186
,,0,2023-05-13T14:17:34.837826423Z,2023-06-12T14:17:34.837826423Z,2023-06-08T01:08:03.077349341Z,77.11,docker_cpu_usage_pct,mtnucratio (DA222) (2186),mtnucratio (DA222) (2186),733595,2186
,,0,2023-05-13T14:17:34.837826423Z,2023-06-12T14:17:34.837826423Z,2023-06-08T01:08:10.072508235Z,93.1456,docker_cpu_usage_pct,mtnucratio (DA222) (2186),mtnucratio (DA222) (2186),733595,2186
,,0,2023-05-13T14:17:34.837826423Z,2023-06-12T14:17:34.837826423Z,2023-06-08T01:08:16.072995396Z,93.0679,docker_cpu_usage_pct,mtnucratio (DA222) (2186),mtnucratio (DA222) (2186),733595,2186
,,0,2023-05-13T14:17:34.837826423Z,2023-06-12T14:17:34.837826423Z,2023-06-08T01:08:18.553465253Z,90.932,docker_cpu_usage_pct,mtnucratio (DA222) (2186),mtnucratio (DA222) (2186),733595,2186
