#datatype,string,long,dateTime:RFC3339,dateTime:RFC3339,dateTime:RFC3339,string,string,string,string,string,string,string
#group,false,false,true,true,false,false,false,false,false,false,false,false
#default,_result,,,,,,,,,,,
,result,table,_start,_stop,_time,_value,_field,_measurement,name,path,pid,tid
,,0,2023-05-24T12:08:38.526520844Z,2023-05-31T12:08:38.526520844Z,2023-05-29T22:44:15.82435323Z,CREATE,file_event,NFCORE_SAREK:SAREK:BAM_VARIANT_CALLING_TUMOR_ONLY_ALL:BAM_VARIANT_CALLING_SINGLE_STRELKA:STRELKA_SINGLE (SRR11452474) (5475),NFCORE_SAREK:SAREK:BAM_VARIANT_CALLING_TUMOR_ONLY_ALL:BAM_VARIANT_CALLING_SINGLE_STRELKA:STRELKA_SINGLE (SRR11452474) (5475),/home/nilsd/nextflow/build/work/17/74760049988bc361ba9d2f1e7f9c9d/.command.trace,1817092,5475
,,0,2023-05-24T12:08:38.526520844Z,2023-05-31T12:08:38.526520844Z,2023-05-29T22:44:15.943011079Z,CREATE,file_event,NFCORE_SAREK:SAREK:BAM_VARIANT_CALLING_TUMOR_ONLY_ALL:BAM_VARIANT_CALLING_SINGLE_STRELKA:STRELKA_SINGLE (SRR11452474) (5475),NFCORE_SAREK:SAREK:BAM_VARIANT_CALLING_TUMOR_ONLY_ALL:BAM_VARIANT_CALLING_SINGLE_STRELKA:STRELKA_SINGLE (SRR11452474) (5475),/home/nilsd/nextflow/build/work/17/74760049988bc361ba9d2f1e7f9c9d/strelka,1817092,5475
,,0,2023-05-24T12:08:38.526520844Z,2023-05-31T12:08:38.526520844Z,2023-05-29T22:44:15.946882512Z,CREATE,file_event,NFCORE_SAREK:SAREK:BAM_VARIANT_CALLING_TUMOR_ONLY_ALL:BAM_VARIANT_CALLING_SINGLE_STRELKA:STRELKA_SINGLE (SRR11452474) (5475),NFCORE_SAREK:SAREK:BAM_VARIANT_CALLING_TUMOR_ONLY_ALL:BAM_VARIANT_CALLING_SINGLE_STRELKA:STRELKA_SINGLE (SRR11452474) (5475),/home/nilsd/nextflow/build/work/17/74760049988bc361ba9d2f1e7f9c9d/strelka/results,1817092,5475
,,0,2023-05-24T12:08:38.526520844Z,2023-05-31T12:08:38.526520844Z,2023-05-29T22:44:15.950066544Z,CREATE,file_event,NFCORE_SAREK:SAREK:BAM_VARIANT_CALLING_TUMOR_ONLY_ALL:BAM_VARIANT_CALLING_SINGLE_STRELKA:STRELKA_SINGLE (SRR11452474) (5475),NFCORE_SAREK:SAREK:BAM_VARIANT_CALLING_TUMOR_ONLY_ALL:BAM_VARIANT_CALLING_SINGLE_STRELKA:STRELKA_SINGLE (SRR11452474) (5475),/home/nilsd/nextflow/build/work/17/74760049988bc361ba9d2f1e7f9c9d/strelka/workspace,1817092,5475
,,0,2023-05-24T12:08:38.526520844Z,2023-05-31T12:08:38.526520844Z,2023-05-29T22:44:15.95341887Z,CREATE,file_event,NFCORE_SAREK:SAREK:BAM_VARIANT_CALLING_TUMOR_ONLY_ALL:BAM_VARIANT_CALLING_SINGLE_STRELKA:STRELKA_SINGLE (SRR11452474) (5475),NFCORE_SAREK:SAREK:BAM_VARIANT_CALLING_TUMOR_ONLY_ALL:BAM_VARIANT_CALLING_SINGLE_STRELKA:STRELKA_SINGLE (SRR11452474) (5475),/home/nilsd/nextflow/build/work/17/74760049988bc361ba9d2f1e7f9c9d/strelka/results/variants,1817092,5475
,,0,2023-05-24T12:08:38.526520844Z,2023-05-31T12:08:38.526520844Z,2023-05-29T22:44:15.956662834Z,CREATE,file_event,NFCORE_SAREK:SAREK:BAM_VARIANT_CALLING_TUMOR_ONLY_ALL:BAM_VARIANT_CALLING_SINGLE_STRELKA:STRELKA_SINGLE (SRR11452474) (5475),NFCORE_SAREK:SAREK:BAM_VARIANT_CALLING_TUMOR_ONLY_ALL:BAM_VARIANT_CALLING_SINGLE_STRELKA:STRELKA_SINGLE (SRR11452474) (5475),/home/nilsd/nextflow/build/work/17/74760049988bc361ba9d2f1e7f9c9d/strelka/results/stats,1817092,5475
,,0,2023-05-24T12:08:38.526520844Z,2023-05-31T12:08:38.526520844Z,2023-05-29T22:44:15.959715431Z,CREATE,file_event,NFCORE_SAREK:SAREK:BAM_VARIANT_CALLING_TUMOR_ONLY_ALL:BAM_VARIANT_CALLING_SINGLE_STRELKA:STRELKA_SINGLE (SRR11452474) (5475),NFCORE_SAREK:SAREK:BAM_VARIANT_CALLING_TUMOR_ONLY_ALL:BAM_VARIANT_CALLING_SINGLE_STRELKA:STRELKA_SINGLE (SRR11452474) (5475),/home/nilsd/nextflow/build/work/17/74760049988bc361ba9d2f1e7f9c9d/strelka/results,1817092,5475
,,0,2023-05-24T12:08:38.526520844Z,2023-05-31T12:08:38.526520844Z,2023-05-29T22:44:15.962123658Z,CREATE,file_event,NFCORE_SAREK:SAREK:BAM_VARIANT_CALLING_TUMOR_ONLY_ALL:BAM_VARIANT_CALLING_SINGLE_STRELKA:STRELKA_SINGLE (SRR11452474) (5475),NFCORE_SAREK:SAREK:BAM_VARIANT_CALLING_TUMOR_ONLY_ALL:BAM_VARIANT_CALLING_SINGLE_STRELKA:STRELKA_SINGLE (SRR11452474) (5475),/home/nilsd/nextflow/build/work/17/74760049988bc361ba9d2f1e7f9c9d/strelka/results/variants,1817092,5475
,,0,2023-05-24T12:08:38.526520844Z,2023-05-31T12:08:38.526520844Z,2023-05-29T22:44:15.964205914Z,CREATE,file_event,NFCORE_SAREK:SAREK:BAM_VARIANT_CALLING_TUMOR_ONLY_ALL:BAM_VARIANT_CALLING_SINGLE_STRELKA:STRELKA_SINGLE (SRR11452474) (5475),NFCORE_SAREK:SAREK:BAM_VARIANT_CALLING_TUMOR_ONLY_ALL:BAM_VARIANT_CALLING_SINGLE_STRELKA:STRELKA_SINGLE (SRR11452474) (5475),/home/nilsd/nextflow/build/work/17/74760049988bc361ba9d2f1e7f9c9d/strelka/results/stats,1817092,5475
,,0,2023-05-24T12:08:38.526520844Z,2023-05-31T12:08:38.526520844Z,2023-05-29T22:44:15.966551819Z,CREATE,file_event,NFCORE_SAREK:SAREK:BAM_VARIANT_CALLING_TUMOR_ONLY_ALL:BAM_VARIANT_CALLING_SINGLE_STRELKA:STRELKA_SINGLE (SRR11452474) (5475),NFCORE_SAREK:SAREK:BAM_VARIANT_CALLING_TUMOR_ONLY_ALL:BAM_VARIANT_CALLING_SINGLE_STRELKA:STRELKA_SINGLE (SRR11452474) (5475),/home/nilsd/nextflow/build/work/17/74760049988bc361ba9d2f1e7f9c9d/strelka/results/variants,1817092,5475
,,0,2023-05-24T12:08:38.526520844Z,2023-05-31T12:08:38.526520844Z,2023-05-29T22:44:15.969056998Z,CREATE,file_event,NFCORE_SAREK:SAREK:BAM_VARIANT_CALLING_TUMOR_ONLY_ALL:BAM_VARIANT_CALLING_SINGLE_STRELKA:STRELKA_SINGLE (SRR11452474) (5475),NFCORE_SAREK:SAREK:BAM_VARIANT_CALLING_TUMOR_ONLY_ALL:BAM_VARIANT_CALLING_SINGLE_STRELKA:STRELKA_SINGLE (SRR11452474) (5475),/home/nilsd/nextflow/build/work/17/74760049988bc361ba9d2f1e7f9c9d/strelka/results/stats,1817092,5475
,,0,2023-05-24T12:08:38.526520844Z,2023-05-31T12:08:38.526520844Z,2023-05-29T22:44:15.971020341Z,CREATE,file_event,NFCORE_SAREK:SAREK:BAM_VARIANT_CALLING_TUMOR_ONLY_ALL:BAM_VARIANT_CALLING_SINGLE_STRELKA:STRELKA_SINGLE (SRR11452474) (5475),NFCORE_SAREK:SAREK:BAM_VARIANT_CALLING_TUMOR_ONLY_ALL:BAM_VARIANT_CALLING_SINGLE_STRELKA:STRELKA_SINGLE (SRR11452474) (5475),/home/nilsd/nextflow/build/work/17/74760049988bc361ba9d2f1e7f9c9d/strelka/runWorkflow.py.config.pickle,1817092,5475
,,0,2023-05-24T12:08:38.526520844Z,2023-05-31T12:08:38.526520844Z,2023-05-29T22:44:15.973377906Z,CREATE,file_event,NFCORE_SAREK:SAREK:BAM_VARIANT_CALLING_TUMOR_ONLY_ALL:BAM_VARIANT_CALLING_SINGLE_STRELKA:STRELKA_SINGLE (SRR11452474) (5475),NFCORE_SAREK:SAREK:BAM_VARIANT_CALLING_TUMOR_ONLY_ALL:BAM_VARIANT_CALLING_SINGLE_STRELKA:STRELKA_SINGLE (SRR11452474) (5475),/home/nilsd/nextflow/build/work/17/74760049988bc361ba9d2f1e7f9c9d/strelka/runWorkflow.py,1817092,5475
,,0,2023-05-24T12:08:38.526520844Z,2023-05-31T12:08:38.526520844Z,2023-05-29T22:44:16.008514035Z,CREATE,file_event,NFCORE_SAREK:SAREK:BAM_VARIANT_CALLING_TUMOR_ONLY_ALL:BAM_VARIANT_CALLING_SINGLE_STRELKA:STRELKA_SINGLE (SRR11452474) (5475),NFCORE_SAREK:SAREK:BAM_VARIANT_CALLING_TUMOR_ONLY_ALL:BAM_VARIANT_CALLING_SINGLE_STRELKA:STRELKA_SINGLE (SRR11452474) (5475),/home/nilsd/nextflow/build/work/17/74760049988bc361ba9d2f1e7f9c9d/strelka/workspace/pyflow.data,1817092,5475
,,0,2023-05-24T12:08:38.526520844Z,2023-05-31T12:08:38.526520844Z,2023-05-29T22:44:16.011017745Z,CREATE,file_event,NFCORE_SAREK:SAREK:BAM_VARIANT_CALLING_TUMOR_ONLY_ALL:BAM_VARIANT_CALLING_SINGLE_STRELKA:STRELKA_SINGLE (SRR11452474) (5475),NFCORE_SAREK:SAREK:BAM_VARIANT_CALLING_TUMOR_ONLY_ALL:BAM_VARIANT_CALLING_SINGLE_STRELKA:STRELKA_SINGLE (SRR11452474) (5475),/home/nilsd/nextflow/build/work/17/74760049988bc361ba9d2f1e7f9c9d/strelka/workspace/pyflow.data/logs,1817092,5475
,,0,2023-05-24T12:08:38.526520844Z,2023-05-31T12:08:38.526520844Z,2023-05-29T22:44:16.013297697Z,CREATE,file_event,NFCORE_SAREK:SAREK:BAM_VARIANT_CALLING_TUMOR_ONLY_ALL:BAM_VARIANT_CALLING_SINGLE_STRELKA:STRELKA_SINGLE (SRR11452474) (5475),NFCORE_SAREK:SAREK:BAM_VARIANT_CALLING_TUMOR_ONLY_ALL:BAM_VARIANT_CALLING_SINGLE_STRELKA:STRELKA_SINGLE (SRR11452474) (5475),/home/nilsd/nextflow/build/work/17/74760049988bc361ba9d2f1e7f9c9d/strelka/workspace/pyflow.data/logs/pyflow_log.txt,1817092,5475
,,0,2023-05-24T12:08:38.526520844Z,2023-05-31T12:08:38.526520844Z,2023-05-29T22:44:16.016415916Z,CREATE,file_event,NFCORE_SAREK:SAREK:BAM_VARIANT_CALLING_TUMOR_ONLY_ALL:BAM_VARIANT_CALLING_SINGLE_STRELKA:STRELKA_SINGLE (SRR11452474) (5475),NFCORE_SAREK:SAREK:BAM_VARIANT_CALLING_TUMOR_ONLY_ALL:BAM_VARIANT_CALLING_SINGLE_STRELKA:STRELKA_SINGLE (SRR11452474) (5475),/home/nilsd/nextflow/build/work/17/74760049988bc361ba9d2f1e7f9c9d/strelka/workspace/pyflow.data/active_pyflow_process.txt,1817092,5475
,,0,2023-05-24T12:08:38.526520844Z,2023-05-31T12:08:38.526520844Z,2023-05-29T22:44:16.019291078Z,CREATE,file_event,NFCORE_SAREK:SAREK:BAM_VARIANT_CALLING_TUMOR_ONLY_ALL:BAM_VARIANT_CALLING_SINGLE_STRELKA:STRELKA_SINGLE (SRR11452474) (5475),NFCORE_SAREK:SAREK:BAM_VARIANT_CALLING_TUMOR_ONLY_ALL:BAM_VARIANT_CALLING_SINGLE_STRELKA:STRELKA_SINGLE (SRR11452474) (5475),/home/nilsd/nextflow/build/work/17/74760049988bc361ba9d2f1e7f9c9d/strelka/workspace/pyflow.data/state,1817092,5475
,,0,2023-05-24T12:08:38.526520844Z,2023-05-31T12:08:38.526520844Z,2023-05-29T22:44:16.02184947Z,CREATE,file_event,NFCORE_SAREK:SAREK:BAM_VARIANT_CALLING_TUMOR_ONLY_ALL:BAM_VARIANT_CALLING_SINGLE_STRELKA:STRELKA_SINGLE (SRR11452474) (5475),NFCORE_SAREK:SAREK:BAM_VARIANT_CALLING_TUMOR_ONLY_ALL:BAM_VARIANT_CALLING_SINGLE_STRELKA:STRELKA_SINGLE (SRR11452474) (5475),/home/nilsd/nextflow/build/work/17/74760049988bc361ba9d2f1e7f9c9d/strelka/workspace/pyflow.data/state/pyflow_tasks_info.txt,1817092,5475
,,0,2023-05-24T12:08:38.526520844Z,2023-05-31T12:08:38.526520844Z,2023-05-29T22:44:16.024218385Z,CREATE,file_event,NFCORE_SAREK:SAREK:BAM_VARIANT_CALLING_TUMOR_ONLY_ALL:BAM_VARIANT_CALLING_SINGLE_STRELKA:STRELKA_SINGLE (SRR11452474) (5475),NFCORE_SAREK:SAREK:BAM_VARIANT_CALLING_TUMOR_ONLY_ALL:BAM_VARIANT_CALLING_SINGLE_STRELKA:STRELKA_SINGLE (SRR11452474) (5475),/home/nilsd/nextflow/build/work/17/74760049988bc361ba9d2f1e7f9c9d/strelka/workspace/pyflow.data/logs/tmp,1817092,5475
,,0,2023-05-24T12:08:38.526520844Z,2023-05-31T12:08:38.526520844Z,2023-05-29T22:44:16.026941762Z,CREATE,file_event,NFCORE_SAREK:SAREK:BAM_VARIANT_CALLING_TUMOR_ONLY_ALL:BAM_VARIANT_CALLING_SINGLE_STRELKA:STRELKA_SINGLE (SRR11452474) (5475),NFCORE_SAREK:SAREK:BAM_VARIANT_CALLING_TUMOR_ONLY_ALL:BAM_VARIANT_CALLING_SINGLE_STRELKA:STRELKA_SINGLE (SRR11452474) (5475),/home/nilsd/nextflow/build/work/17/74760049988bc361ba9d2f1e7f9c9d/strelka/workspace/pyflow.data/logs/tmp/taskWrapperLogs,1817092,5475
,,0,2023-05-24T12:08:38.526520844Z,2023-05-31T12:08:38.526520844Z,2023-05-29T22:44:16.029777752Z,CREATE,file_event,NFCORE_SAREK:SAREK:BAM_VARIANT_CALLING_TUMOR_ONLY_ALL:BAM_VARIANT_CALLING_SINGLE_STRELKA:STRELKA_SINGLE (SRR11452474) (5475),NFCORE_SAREK:SAREK:BAM_VARIANT_CALLING_TUMOR_ONLY_ALL:BAM_VARIANT_CALLING_SINGLE_STRELKA:STRELKA_SINGLE (SRR11452474) (5475),/home/nilsd/nextflow/build/work/17/74760049988bc361ba9d2f1e7f9c9d/strelka/workspace/pyflow.data/logs/tmp/stackDumpLog,1817092,5475
,,0,2023-05-24T12:08:38.526520844Z,2023-05-31T12:08:38.526520844Z,2023-05-29T22:44:16.033005475Z,CREATE,file_event,NFCORE_SAREK:SAREK:BAM_VARIANT_CALLING_TUMOR_ONLY_ALL:BAM_VARIANT_CALLING_SINGLE_STRELKA:STRELKA_SINGLE (SRR11452474) (5475),NFCORE_SAREK:SAREK:BAM_VARIANT_CALLING_TUMOR_ONLY_ALL:BAM_VARIANT_CALLING_SINGLE_STRELKA:STRELKA_SINGLE (SRR11452474) (5475),/home/nilsd/nextflow/build/work/17/74760049988bc361ba9d2f1e7f9c9d/strelka/workflow.warning.log.txt,1817092,5475
,,0,2023-05-24T12:08:38.526520844Z,2023-05-31T12:08:38.526520844Z,2023-05-29T22:44:16.035719221Z,CREATE,file_event,NFCORE_SAREK:SAREK:BAM_VARIANT_CALLING_TUMOR_ONLY_ALL:BAM_VARIANT_CALLING_SINGLE_STRELKA:STRELKA_SINGLE (SRR11452474) (5475),NFCORE_SAREK:SAREK:BAM_VARIANT_CALLING_TUMOR_ONLY_ALL:BAM_VARIANT_CALLING_SINGLE_STRELKA:STRELKA_SINGLE (SRR11452474) (5475),/home/nilsd/nextflow/build/work/17/74760049988bc361ba9d2f1e7f9c9d/strelka/workflow.error.log.txt,1817092,5475
,,0,2023-05-24T12:08:38.526520844Z,2023-05-31T12:08:38.526520844Z,2023-05-29T22:44:16.038435168Z,CREATE,file_event,NFCORE_SAREK:SAREK:BAM_VARIANT_CALLING_TUMOR_ONLY_ALL:BAM_VARIANT_CALLING_SINGLE_STRELKA:STRELKA_SINGLE (SRR11452474) (5475),NFCORE_SAREK:SAREK:BAM_VARIANT_CALLING_TUMOR_ONLY_ALL:BAM_VARIANT_CALLING_SINGLE_STRELKA:STRELKA_SINGLE (SRR11452474) (5475),/home/nilsd/nextflow/build/work/17/74760049988bc361ba9d2f1e7f9c9d/strelka/workspace/pyflow.data/state/make_pyflow_task_graph.py,1817092,5475
,,0,2023-05-24T12:08:38.526520844Z,2023-05-31T12:08:38.526520844Z,2023-05-29T22:44:16.041507325Z,CREATE,file_event,NFCORE_SAREK:SAREK:BAM_VARIANT_CALLING_TUMOR_ONLY_ALL:BAM_VARIANT_CALLING_SINGLE_STRELKA:STRELKA_SINGLE (SRR11452474) (5475),NFCORE_SAREK:SAREK:BAM_VARIANT_CALLING_TUMOR_ONLY_ALL:BAM_VARIANT_CALLING_SINGLE_STRELKA:STRELKA_SINGLE (SRR11452474) (5475),/home/nilsd/nextflow/build/work/17/74760049988bc361ba9d2f1e7f9c9d/strelka/workspace/pyflow.data/state/backup,1817092,5475
,,0,2023-05-24T12:08:38.526520844Z,2023-05-31T12:08:38.526520844Z,2023-05-29T22:44:16.044593514Z,CREATE,file_event,NFCORE_SAREK:SAREK:BAM_VARIANT_CALLING_TUMOR_ONLY_ALL:BAM_VARIANT_CALLING_SINGLE_STRELKA:STRELKA_SINGLE (SRR11452474) (5475),NFCORE_SAREK:SAREK:BAM_VARIANT_CALLING_TUMOR_ONLY_ALL:BAM_VARIANT_CALLING_SINGLE_STRELKA:STRELKA_SINGLE (SRR11452474) (5475),/home/nilsd/nextflow/build/work/17/74760049988bc361ba9d2f1e7f9c9d/strelka/workspace/pyflow.data/state/backup/pyflow_tasks_info.txt.backup_before_starting_run_88_1.txt,1817092,5475
,,0,2023-05-24T12:08:38.526520844Z,2023-05-31T12:08:38.526520844Z,2023-05-29T22:44:16.056858364Z,CREATE,file_event,NFCORE_SAREK:SAREK:BAM_VARIANT_CALLING_TUMOR_ONLY_ALL:BAM_VARIANT_CALLING_SINGLE_STRELKA:STRELKA_SINGLE (SRR11452474) (5475),NFCORE_SAREK:SAREK:BAM_VARIANT_CALLING_TUMOR_ONLY_ALL:BAM_VARIANT_CALLING_SINGLE_STRELKA:STRELKA_SINGLE (SRR11452474) (5475),/home/nilsd/nextflow/build/work/17/74760049988bc361ba9d2f1e7f9c9d/strelka/workspace/pyflow.data/logs/tmp/taskWrapperLogs/000,1817092,5475
,,0,2023-05-24T12:08:38.526520844Z,2023-05-31T12:08:38.526520844Z,2023-05-29T22:44:16.059891841Z,CREATE,file_event,NFCORE_SAREK:SAREK:BAM_VARIANT_CALLING_TUMOR_ONLY_ALL:BAM_VARIANT_CALLING_SINGLE_STRELKA:STRELKA_SINGLE (SRR11452474) (5475),NFCORE_SAREK:SAREK:BAM_VARIANT_CALLING_TUMOR_ONLY_ALL:BAM_VARIANT_CALLING_SINGLE_STRELKA:STRELKA_SINGLE (SRR11452474) (5475),/home/nilsd/nextflow/build/work/17/74760049988bc361ba9d2f1e7f9c9d/strelka/workspace/pyflow.data/logs/tmp/taskWrapperLogs/000/001,1817092,5475
,,0,2023-05-24T12:08:38.526520844Z,2023-05-31T12:08:38.526520844Z,2023-05-29T22:44:16.06237704Z,CREATE,file_event,NFCORE_SAREK:SAREK:BAM_VARIANT_CALLING_TUMOR_ONLY_ALL:BAM_VARIANT_CALLING_SINGLE_STRELKA:STRELKA_SINGLE (SRR11452474) (5475),NFCORE_SAREK:SAREK:BAM_VARIANT_CALLING_TUMOR_ONLY_ALL:BAM_VARIANT_CALLING_SINGLE_STRELKA:STRELKA_SINGLE (SRR11452474) (5475),/home/nilsd/nextflow/build/work/17/74760049988bc361ba9d2f1e7f9c9d/strelka/workspace/pyflow.data/logs/tmp/taskWrapperLogs/000/001/taskWrapperParameters.pickle,1817092,5475
,,0,2023-05-24T12:08:38.526520844Z,2023-05-31T12:08:38.526520844Z,2023-05-29T22:44:16.064837329Z,CREATE,file_event,NFCORE_SAREK:SAREK:BAM_VARIANT_CALLING_TUMOR_ONLY_ALL:BAM_VARIANT_CALLING_SINGLE_STRELKA:STRELKA_SINGLE (SRR11452474) (5475),NFCORE_SAREK:SAREK:BAM_VARIANT_CALLING_TUMOR_ONLY_ALL:BAM_VARIANT_CALLING_SINGLE_STRELKA:STRELKA_SINGLE (SRR11452474) (5475),/home/nilsd/nextflow/build/work/17/74760049988bc361ba9d2f1e7f9c9d/strelka/workspace/pyflow.data/logs/tmp/taskWrapperLogs/000/001/pyflowTaskWrapper.signal.txt,1817092,5475
,,0,2023-05-24T12:08:38.526520844Z,2023-05-31T12:08:38.526520844Z,2023-05-29T22:44:16.083272886Z,CREATE,file_event,NFCORE_SAREK:SAREK:BAM_VARIANT_CALLING_TUMOR_ONLY_ALL:BAM_VARIANT_CALLING_SINGLE_STRELKA:STRELKA_SINGLE (SRR11452474) (5475),NFCORE_SAREK:SAREK:BAM_VARIANT_CALLING_TUMOR_ONLY_ALL:BAM_VARIANT_CALLING_SINGLE_STRELKA:STRELKA_SINGLE (SRR11452474) (5475),/home/nilsd/nextflow/build/work/17/74760049988bc361ba9d2f1e7f9c9d/strelka/workspace/pyflow.data/logs/pyflow_tasks_stdout_log.txt,1817092,5475
,,0,2023-05-24T12:08:38.526520844Z,2023-05-31T12:08:38.526520844Z,2023-05-29T22:44:16.085889259Z,CREATE,file_event,NFCORE_SAREK:SAREK:BAM_VARIANT_CALLING_TUMOR_ONLY_ALL:BAM_VARIANT_CALLING_SINGLE_STRELKA:STRELKA_SINGLE (SRR11452474) (5475),NFCORE_SAREK:SAREK:BAM_VARIANT_CALLING_TUMOR_ONLY_ALL:BAM_VARIANT_CALLING_SINGLE_STRELKA:STRELKA_SINGLE (SRR11452474) (5475),/home/nilsd/nextflow/build/work/17/74760049988bc361ba9d2f1e7f9c9d/strelka/workspace/pyflow.data/logs/pyflow_tasks_stderr_log.txt,1817092,5475
,,0,2023-05-24T12:08:38.526520844Z,2023-05-31T12:08:38.526520844Z,2023-05-29T22:44:16.095948269Z,CREATE,file_event,NFCORE_SAREK:SAREK:BAM_VARIANT_CALLING_TUMOR_ONLY_ALL:BAM_VARIANT_CALLING_SINGLE_STRELKA:STRELKA_SINGLE (SRR11452474) (5475),NFCORE_SAREK:SAREK:BAM_VARIANT_CALLING_TUMOR_ONLY_ALL:BAM_VARIANT_CALLING_SINGLE_STRELKA:STRELKA_SINGLE (SRR11452474) (5475),/home/nilsd/nextflow/build/work/17/74760049988bc361ba9d2f1e7f9c9d/strelka/workspace/genomeSegment.tmpdir,1817092,5475
,,0,2023-05-24T12:08:38.526520844Z,2023-05-31T12:08:38.526520844Z,2023-05-29T22:44:16.127106681Z,CREATE,file_event,NFCORE_SAREK:SAREK:BAM_VARIANT_CALLING_TUMOR_ONLY_ALL:BAM_VARIANT_CALLING_SINGLE_STRELKA:STRELKA_SINGLE (SRR11452474) (5475),NFCORE_SAREK:SAREK:BAM_VARIANT_CALLING_TUMOR_ONLY_ALL:BAM_VARIANT_CALLING_SINGLE_STRELKA:STRELKA_SINGLE (SRR11452474) (5475),/home/nilsd/nextflow/build/work/17/74760049988bc361ba9d2f1e7f9c9d/strelka/workspace/pyflow.data/logs/tmp/taskWrapperLogs/000/002,1817092,5475
,,0,2023-05-24T12:08:38.526520844Z,2023-05-31T12:08:38.526520844Z,2023-05-29T22:44:16.129421535Z,CREATE,file_event,NFCORE_SAREK:SAREK:BAM_VARIANT_CALLING_TUMOR_ONLY_ALL:BAM_VARIANT_CALLING_SINGLE_STRELKA:STRELKA_SINGLE (SRR11452474) (5475),NFCORE_SAREK:SAREK:BAM_VARIANT_CALLING_TUMOR_ONLY_ALL:BAM_VARIANT_CALLING_SINGLE_STRELKA:STRELKA_SINGLE (SRR11452474) (5475),/home/nilsd/nextflow/build/work/17/74760049988bc361ba9d2f1e7f9c9d/strelka/workspace/pyflow.data/logs/tmp/taskWrapperLogs/000/002/taskWrapperParameters.pickle,1817092,5475
,,0,2023-05-24T12:08:38.526520844Z,2023-05-31T12:08:38.526520844Z,2023-05-29T22:44:16.132195814Z,CREATE,file_event,NFCORE_SAREK:SAREK:BAM_VARIANT_CALLING_TUMOR_ONLY_ALL:BAM_VARIANT_CALLING_SINGLE_STRELKA:STRELKA_SINGLE (SRR11452474) (5475),NFCORE_SAREK:SAREK:BAM_VARIANT_CALLING_TUMOR_ONLY_ALL:BAM_VARIANT_CALLING_SINGLE_STRELKA:STRELKA_SINGLE (SRR11452474) (5475),/home/nilsd/nextflow/build/work/17/74760049988bc361ba9d2f1e7f9c9d/strelka/workspace/pyflow.data/logs/tmp/taskWrapperLogs/000/002/taskWrapperParameters.pickle,1817092,5475
,,0,2023-05-24T12:08:38.526520844Z,2023-05-31T12:08:38.526520844Z,2023-05-29T22:44:16.135160948Z,CREATE,file_event,NFCORE_SAREK:SAREK:BAM_VARIANT_CALLING_TUMOR_ONLY_ALL:BAM_VARIANT_CALLING_SINGLE_STRELKA:STRELKA_SINGLE (SRR11452474) (5475),NFCORE_SAREK:SAREK:BAM_VARIANT_CALLING_TUMOR_ONLY_ALL:BAM_VARIANT_CALLING_SINGLE_STRELKA:STRELKA_SINGLE (SRR11452474) (5475),/home/nilsd/nextflow/build/work/17/74760049988bc361ba9d2f1e7f9c9d/strelka/workspace/pyflow.data/logs/tmp/taskWrapperLogs/000/002/pyflowTaskWrapper.signal.txt,1817092,5475
,,0,2023-05-24T12:08:38.526520844Z,2023-05-31T12:08:38.526520844Z,2023-05-29T22:44:16.169052247Z,CREATE,file_event,NFCORE_SAREK:SAREK:BAM_VARIANT_CALLING_TUMOR_ONLY_ALL:BAM_VARIANT_CALLING_SINGLE_STRELKA:STRELKA_SINGLE (SRR11452474) (5475),NFCORE_SAREK:SAREK:BAM_VARIANT_CALLING_TUMOR_ONLY_ALL:BAM_VARIANT_CALLING_SINGLE_STRELKA:STRELKA_SINGLE (SRR11452474) (5475),/home/nilsd/nextflow/build/work/17/74760049988bc361ba9d2f1e7f9c9d/strelka/workspace/genomeSegment.tmpdir/runStats.chromId_081_GL000194_1_0000.xml,1817092,5475
,,0,2023-05-24T12:08:38.526520844Z,2023-05-31T12:08:38.526520844Z,2023-05-29T22:44:16.200991695Z,CREATE,file_event,NFCORE_SAREK:SAREK:BAM_VARIANT_CALLING_TUMOR_ONLY_ALL:BAM_VARIANT_CALLING_SINGLE_STRELKA:STRELKA_SINGLE (SRR11452474) (5475),NFCORE_SAREK:SAREK:BAM_VARIANT_CALLING_TUMOR_ONLY_ALL:BAM_VARIANT_CALLING_SINGLE_STRELKA:STRELKA_SINGLE (SRR11452474) (5475),/home/nilsd/nextflow/build/work/17/74760049988bc361ba9d2f1e7f9c9d/strelka/workspace/genomeSegment.tmpdir/segment.chromId_081_GL000194_1_0000.variants.vcf,1817092,5475
,,0,2023-05-24T12:08:38.526520844Z,2023-05-31T12:08:38.526520844Z,2023-05-29T22:44:16.204458025Z,CREATE,file_event,NFCORE_SAREK:SAREK:BAM_VARIANT_CALLING_TUMOR_ONLY_ALL:BAM_VARIANT_CALLING_SINGLE_STRELKA:STRELKA_SINGLE (SRR11452474) (5475),NFCORE_SAREK:SAREK:BAM_VARIANT_CALLING_TUMOR_ONLY_ALL:BAM_VARIANT_CALLING_SINGLE_STRELKA:STRELKA_SINGLE (SRR11452474) (5475),/home/nilsd/nextflow/build/work/17/74760049988bc361ba9d2f1e7f9c9d/strelka/workspace/genomeSegment.tmpdir/segment.chromId_081_GL000194_1_0000.genome.S1.vcf,1817092,5475
,,0,2023-05-24T12:08:38.526520844Z,2023-05-31T12:08:38.526520844Z,2023-05-29T22:44:16.294054788Z,CREATE,file_event,NFCORE_SAREK:SAREK:BAM_VARIANT_CALLING_TUMOR_ONLY_ALL:BAM_VARIANT_CALLING_SINGLE_STRELKA:STRELKA_SINGLE (SRR11452474) (5475),NFCORE_SAREK:SAREK:BAM_VARIANT_CALLING_TUMOR_ONLY_ALL:BAM_VARIANT_CALLING_SINGLE_STRELKA:STRELKA_SINGLE (SRR11452474) (5475),/home/nilsd/nextflow/build/work/17/74760049988bc361ba9d2f1e7f9c9d/strelka/workspace/pyflow.data/logs/tmp/taskWrapperLogs/000/003,1817092,5475
,,0,2023-05-24T12:08:38.526520844Z,2023-05-31T12:08:38.526520844Z,2023-05-29T22:44:16.29818515Z,CREATE,file_event,NFCORE_SAREK:SAREK:BAM_VARIANT_CALLING_TUMOR_ONLY_ALL:BAM_VARIANT_CALLING_SINGLE_STRELKA:STRELKA_SINGLE (SRR11452474) (5475),NFCORE_SAREK:SAREK:BAM_VARIANT_CALLING_TUMOR_ONLY_ALL:BAM_VARIANT_CALLING_SINGLE_STRELKA:STRELKA_SINGLE (SRR11452474) (5475),/home/nilsd/nextflow/build/work/17/74760049988bc361ba9d2f1e7f9c9d/strelka/workspace/pyflow.data/logs/tmp/taskWrapperLogs/000/003/taskWrapperParameters.pickle,1817092,5475
,,0,2023-05-24T12:08:38.526520844Z,2023-05-31T12:08:38.526520844Z,2023-05-29T22:44:16.301613349Z,CREATE,file_event,NFCORE_SAREK:SAREK:BAM_VARIANT_CALLING_TUMOR_ONLY_ALL:BAM_VARIANT_CALLING_SINGLE_STRELKA:STRELKA_SINGLE (SRR11452474) (5475),NFCORE_SAREK:SAREK:BAM_VARIANT_CALLING_TUMOR_ONLY_ALL:BAM_VARIANT_CALLING_SINGLE_STRELKA:STRELKA_SINGLE (SRR11452474) (5475),/home/nilsd/nextflow/build/work/17/74760049988bc361ba9d2f1e7f9c9d/strelka/workspace/pyflow.data/logs/tmp/taskWrapperLogs/000/004,1817092,5475
,,0,2023-05-24T12:08:38.526520844Z,2023-05-31T12:08:38.526520844Z,2023-05-29T22:44:16.304516191Z,CREATE,file_event,NFCORE_SAREK:SAREK:BAM_VARIANT_CALLING_TUMOR_ONLY_ALL:BAM_VARIANT_CALLING_SINGLE_STRELKA:STRELKA_SINGLE (SRR11452474) (5475),NFCORE_SAREK:SAREK:BAM_VARIANT_CALLING_TUMOR_ONLY_ALL:BAM_VARIANT_CALLING_SINGLE_STRELKA:STRELKA_SINGLE (SRR11452474) (5475),/home/nilsd/nextflow/build/work/17/74760049988bc361ba9d2f1e7f9c9d/strelka/workspace/pyflow.data/logs/tmp/taskWrapperLogs/000/004/taskWrapperParameters.pickle,1817092,5475
,,0,2023-05-24T12:08:38.526520844Z,2023-05-31T12:08:38.526520844Z,2023-05-29T22:44:16.307011911Z,CREATE,file_event,NFCORE_SAREK:SAREK:BAM_VARIANT_CALLING_TUMOR_ONLY_ALL:BAM_VARIANT_CALLING_SINGLE_STRELKA:STRELKA_SINGLE (SRR11452474) (5475),NFCORE_SAREK:SAREK:BAM_VARIANT_CALLING_TUMOR_ONLY_ALL:BAM_VARIANT_CALLING_SINGLE_STRELKA:STRELKA_SINGLE (SRR11452474) (5475),/home/nilsd/nextflow/build/work/17/74760049988bc361ba9d2f1e7f9c9d/strelka/workspace/pyflow.data/logs/tmp/taskWrapperLogs/000/004/pyflowTaskWrapper.signal.txt,1817092,5475
,,0,2023-05-24T12:08:38.526520844Z,2023-05-31T12:08:38.526520844Z,2023-05-29T22:44:16.309757378Z,CREATE,file_event,NFCORE_SAREK:SAREK:BAM_VARIANT_CALLING_TUMOR_ONLY_ALL:BAM_VARIANT_CALLING_SINGLE_STRELKA:STRELKA_SINGLE (SRR11452474) (5475),NFCORE_SAREK:SAREK:BAM_VARIANT_CALLING_TUMOR_ONLY_ALL:BAM_VARIANT_CALLING_SINGLE_STRELKA:STRELKA_SINGLE (SRR11452474) (5475),/home/nilsd/nextflow/build/work/17/74760049988bc361ba9d2f1e7f9c9d/strelka/workspace/pyflow.data/logs/tmp/taskWrapperLogs/000/003/pyflowTaskWrapper.signal.txt,1817092,5475
,,0,2023-05-24T12:08:38.526520844Z,2023-05-31T12:08:38.526520844Z,2023-05-29T22:44:16.327447182Z,CREATE,file_event,NFCORE_SAREK:SAREK:BAM_VARIANT_CALLING_TUMOR_ONLY_ALL:BAM_VARIANT_CALLING_SINGLE_STRELKA:STRELKA_SINGLE (SRR11452474) (5475),NFCORE_SAREK:SAREK:BAM_VARIANT_CALLING_TUMOR_ONLY_ALL:BAM_VARIANT_CALLING_SINGLE_STRELKA:STRELKA_SINGLE (SRR11452474) (5475),/home/nilsd/nextflow/build/work/17/74760049988bc361ba9d2f1e7f9c9d/strelka/workspace/genomeSegment.tmpdir/segment.chromId_081_GL000194_1_0000.genome.S1.vcf.gz,1817092,5475
,,0,2023-05-24T12:08:38.526520844Z,2023-05-31T12:08:38.526520844Z,2023-05-29T22:44:16.332147051Z,CREATE,file_event,NFCORE_SAREK:SAREK:BAM_VARIANT_CALLING_TUMOR_ONLY_ALL:BAM_VARIANT_CALLING_SINGLE_STRELKA:STRELKA_SINGLE (SRR11452474) (5475),NFCORE_SAREK:SAREK:BAM_VARIANT_CALLING_TUMOR_ONLY_ALL:BAM_VARIANT_CALLING_SINGLE_STRELKA:STRELKA_SINGLE (SRR11452474) (5475),/home/nilsd/nextflow/build/work/17/74760049988bc361ba9d2f1e7f9c9d/strelka/workspace/genomeSegment.tmpdir/segment.chromId_081_GL000194_1_0000.variants.vcf.gz,1817092,5475
,,0,2023-05-24T12:08:38.526520844Z,2023-05-31T12:08:38.526520844Z,2023-05-29T22:44:16.36068722Z,CREATE,file_event,NFCORE_SAREK:SAREK:BAM_VARIANT_CALLING_TUMOR_ONLY_ALL:BAM_VARIANT_CALLING_SINGLE_STRELKA:STRELKA_SINGLE (SRR11452474) (5475),NFCORE_SAREK:SAREK:BAM_VARIANT_CALLING_TUMOR_ONLY_ALL:BAM_VARIANT_CALLING_SINGLE_STRELKA:STRELKA_SINGLE (SRR11452474) (5475),/home/nilsd/nextflow/build/work/17/74760049988bc361ba9d2f1e7f9c9d/strelka/workspace/pyflow.data/logs/tmp/taskWrapperLogs/000/006,1817092,5475
,,0,2023-05-24T12:08:38.526520844Z,2023-05-31T12:08:38.526520844Z,2023-05-29T22:44:16.364455451Z,CREATE,file_event,NFCORE_SAREK:SAREK:BAM_VARIANT_CALLING_TUMOR_ONLY_ALL:BAM_VARIANT_CALLING_SINGLE_STRELKA:STRELKA_SINGLE (SRR11452474) (5475),NFCORE_SAREK:SAREK:BAM_VARIANT_CALLING_TUMOR_ONLY_ALL:BAM_VARIANT_CALLING_SINGLE_STRELKA:STRELKA_SINGLE (SRR11452474) (5475),/home/nilsd/nextflow/build/work/17/74760049988bc361ba9d2f1e7f9c9d/strelka/workspace/pyflow.data/logs/tmp/taskWrapperLogs/000/006/taskWrapperParameters.pickle,1817092,5475
,,0,2023-05-24T12:08:38.526520844Z,2023-05-31T12:08:38.526520844Z,2023-05-29T22:44:16.36789585Z,CREATE,file_event,NFCORE_SAREK:SAREK:BAM_VARIANT_CALLING_TUMOR_ONLY_ALL:BAM_VARIANT_CALLING_SINGLE_STRELKA:STRELKA_SINGLE (SRR11452474) (5475),NFCORE_SAREK:SAREK:BAM_VARIANT_CALLING_TUMOR_ONLY_ALL:BAM_VARIANT_CALLING_SINGLE_STRELKA:STRELKA_SINGLE (SRR11452474) (5475),/home/nilsd/nextflow/build/work/17/74760049988bc361ba9d2f1e7f9c9d/strelka/workspace/pyflow.data/logs/tmp/taskWrapperLogs/000/011,1817092,5475
,,0,2023-05-24T12:08:38.526520844Z,2023-05-31T12:08:38.526520844Z,2023-05-29T22:44:16.370782852Z,CREATE,file_event,NFCORE_SAREK:SAREK:BAM_VARIANT_CALLING_TUMOR_ONLY_ALL:BAM_VARIANT_CALLING_SINGLE_STRELKA:STRELKA_SINGLE (SRR11452474) (5475),NFCORE_SAREK:SAREK:BAM_VARIANT_CALLING_TUMOR_ONLY_ALL:BAM_VARIANT_CALLING_SINGLE_STRELKA:STRELKA_SINGLE (SRR11452474) (5475),/home/nilsd/nextflow/build/work/17/74760049988bc361ba9d2f1e7f9c9d/strelka/workspace/pyflow.data/logs/tmp/taskWrapperLogs/000/011/taskWrapperParameters.pickle,1817092,5475
,,0,2023-05-24T12:08:38.526520844Z,2023-05-31T12:08:38.526520844Z,2023-05-29T22:44:16.373280831Z,CREATE,file_event,NFCORE_SAREK:SAREK:BAM_VARIANT_CALLING_TUMOR_ONLY_ALL:BAM_VARIANT_CALLING_SINGLE_STRELKA:STRELKA_SINGLE (SRR11452474) (5475),NFCORE_SAREK:SAREK:BAM_VARIANT_CALLING_TUMOR_ONLY_ALL:BAM_VARIANT_CALLING_SINGLE_STRELKA:STRELKA_SINGLE (SRR11452474) (5475),/home/nilsd/nextflow/build/work/17/74760049988bc361ba9d2f1e7f9c9d/strelka/workspace/pyflow.data/logs/tmp/taskWrapperLogs/000/008,1817092,5475
,,0,2023-05-24T12:08:38.526520844Z,2023-05-31T12:08:38.526520844Z,2023-05-29T22:44:16.376150493Z,CREATE,file_event,NFCORE_SAREK:SAREK:BAM_VARIANT_CALLING_TUMOR_ONLY_ALL:BAM_VARIANT_CALLING_SINGLE_STRELKA:STRELKA_SINGLE (SRR11452474) (5475),NFCORE_SAREK:SAREK:BAM_VARIANT_CALLING_TUMOR_ONLY_ALL:BAM_VARIANT_CALLING_SINGLE_STRELKA:STRELKA_SINGLE (SRR11452474) (5475),/home/nilsd/nextflow/build/work/17/74760049988bc361ba9d2f1e7f9c9d/strelka/workspace/pyflow.data/logs/tmp/taskWrapperLogs/000/008/taskWrapperParameters.pickle,1817092,5475
,,0,2023-05-24T12:08:38.526520844Z,2023-05-31T12:08:38.526520844Z,2023-05-29T22:44:16.378856569Z,CREATE,file_event,NFCORE_SAREK:SAREK:BAM_VARIANT_CALLING_TUMOR_ONLY_ALL:BAM_VARIANT_CALLING_SINGLE_STRELKA:STRELKA_SINGLE (SRR11452474) (5475),NFCORE_SAREK:SAREK:BAM_VARIANT_CALLING_TUMOR_ONLY_ALL:BAM_VARIANT_CALLING_SINGLE_STRELKA:STRELKA_SINGLE (SRR11452474) (5475),/home/nilsd/nextflow/build/work/17/74760049988bc361ba9d2f1e7f9c9d/strelka/workspace/pyflow.data/logs/tmp/taskWrapperLogs/000/006/pyflowTaskWrapper.signal.txt,1817092,5475
,,0,2023-05-24T12:08:38.526520844Z,2023-05-31T12:08:38.526520844Z,2023-05-29T22:44:16.381577035Z,CREATE,file_event,NFCORE_SAREK:SAREK:BAM_VARIANT_CALLING_TUMOR_ONLY_ALL:BAM_VARIANT_CALLING_SINGLE_STRELKA:STRELKA_SINGLE (SRR11452474) (5475),NFCORE_SAREK:SAREK:BAM_VARIANT_CALLING_TUMOR_ONLY_ALL:BAM_VARIANT_CALLING_SINGLE_STRELKA:STRELKA_SINGLE (SRR11452474) (5475),/home/nilsd/nextflow/build/work/17/74760049988bc361ba9d2f1e7f9c9d/strelka/workspace/pyflow.data/logs/tmp/taskWrapperLogs/000/008/pyflowTaskWrapper.signal.txt,1817092,5475
,,0,2023-05-24T12:08:38.526520844Z,2023-05-31T12:08:38.526520844Z,2023-05-29T22:44:16.384364284Z,CREATE,file_event,NFCORE_SAREK:SAREK:BAM_VARIANT_CALLING_TUMOR_ONLY_ALL:BAM_VARIANT_CALLING_SINGLE_STRELKA:STRELKA_SINGLE (SRR11452474) (5475),NFCORE_SAREK:SAREK:BAM_VARIANT_CALLING_TUMOR_ONLY_ALL:BAM_VARIANT_CALLING_SINGLE_STRELKA:STRELKA_SINGLE (SRR11452474) (5475),/home/nilsd/nextflow/build/work/17/74760049988bc361ba9d2f1e7f9c9d/strelka/workspace/pyflow.data/logs/tmp/taskWrapperLogs/000/011/pyflowTaskWrapper.signal.txt,1817092,5475
,,0,2023-05-24T12:08:38.526520844Z,2023-05-31T12:08:38.526520844Z,2023-05-29T22:44:16.398913068Z,CREATE,file_event,NFCORE_SAREK:SAREK:BAM_VARIANT_CALLING_TUMOR_ONLY_ALL:BAM_VARIANT_CALLING_SINGLE_STRELKA:STRELKA_SINGLE (SRR11452474) (5475),NFCORE_SAREK:SAREK:BAM_VARIANT_CALLING_TUMOR_ONLY_ALL:BAM_VARIANT_CALLING_SINGLE_STRELKA:STRELKA_SINGLE (SRR11452474) (5475),/home/nilsd/nextflow/build/work/17/74760049988bc361ba9d2f1e7f9c9d/strelka/results/stats/runStats.xml,1817092,5475
,,0,2023-05-24T12:08:38.526520844Z,2023-05-31T12:08:38.526520844Z,2023-05-29T22:44:16.401883612Z,CREATE,file_event,NFCORE_SAREK:SAREK:BAM_VARIANT_CALLING_TUMOR_ONLY_ALL:BAM_VARIANT_CALLING_SINGLE_STRELKA:STRELKA_SINGLE (SRR11452474) (5475),NFCORE_SAREK:SAREK:BAM_VARIANT_CALLING_TUMOR_ONLY_ALL:BAM_VARIANT_CALLING_SINGLE_STRELKA:STRELKA_SINGLE (SRR11452474) (5475),/home/nilsd/nextflow/build/work/17/74760049988bc361ba9d2f1e7f9c9d/strelka/results/stats/runStats.tsv,1817092,5475
,,0,2023-05-24T12:08:38.526520844Z,2023-05-31T12:08:38.526520844Z,2023-05-29T22:44:16.429589834Z,CREATE,file_event,NFCORE_SAREK:SAREK:BAM_VARIANT_CALLING_TUMOR_ONLY_ALL:BAM_VARIANT_CALLING_SINGLE_STRELKA:STRELKA_SINGLE (SRR11452474) (5475),NFCORE_SAREK:SAREK:BAM_VARIANT_CALLING_TUMOR_ONLY_ALL:BAM_VARIANT_CALLING_SINGLE_STRELKA:STRELKA_SINGLE (SRR11452474) (5475),/home/nilsd/nextflow/build/work/17/74760049988bc361ba9d2f1e7f9c9d/strelka/workspace/pyflow.data/logs/tmp/taskWrapperLogs/000/007,1817092,5475
,,0,2023-05-24T12:08:38.526520844Z,2023-05-31T12:08:38.526520844Z,2023-05-29T22:44:16.43228852Z,CREATE,file_event,NFCORE_SAREK:SAREK:BAM_VARIANT_CALLING_TUMOR_ONLY_ALL:BAM_VARIANT_CALLING_SINGLE_STRELKA:STRELKA_SINGLE (SRR11452474) (5475),NFCORE_SAREK:SAREK:BAM_VARIANT_CALLING_TUMOR_ONLY_ALL:BAM_VARIANT_CALLING_SINGLE_STRELKA:STRELKA_SINGLE (SRR11452474) (5475),/home/nilsd/nextflow/build/work/17/74760049988bc361ba9d2f1e7f9c9d/strelka/workspace/pyflow.data/logs/tmp/taskWrapperLogs/000/007/taskWrapperParameters.pickle,1817092,5475
,,0,2023-05-24T12:08:38.526520844Z,2023-05-31T12:08:38.526520844Z,2023-05-29T22:44:16.435304127Z,CREATE,file_event,NFCORE_SAREK:SAREK:BAM_VARIANT_CALLING_TUMOR_ONLY_ALL:BAM_VARIANT_CALLING_SINGLE_STRELKA:STRELKA_SINGLE (SRR11452474) (5475),NFCORE_SAREK:SAREK:BAM_VARIANT_CALLING_TUMOR_ONLY_ALL:BAM_VARIANT_CALLING_SINGLE_STRELKA:STRELKA_SINGLE (SRR11452474) (5475),/home/nilsd/nextflow/build/work/17/74760049988bc361ba9d2f1e7f9c9d/strelka/workspace/pyflow.data/logs/tmp/taskWrapperLogs/000/007/taskWrapperParameters.pickle,1817092,5475
,,0,2023-05-24T12:08:38.526520844Z,2023-05-31T12:08:38.526520844Z,2023-05-29T22:44:16.437788696Z,CREATE,file_event,NFCORE_SAREK:SAREK:BAM_VARIANT_CALLING_TUMOR_ONLY_ALL:BAM_VARIANT_CALLING_SINGLE_STRELKA:STRELKA_SINGLE (SRR11452474) (5475),NFCORE_SAREK:SAREK:BAM_VARIANT_CALLING_TUMOR_ONLY_ALL:BAM_VARIANT_CALLING_SINGLE_STRELKA:STRELKA_SINGLE (SRR11452474) (5475),/home/nilsd/nextflow/build/work/17/74760049988bc361ba9d2f1e7f9c9d/strelka/workspace/pyflow.data/logs/tmp/taskWrapperLogs/000/009,1817092,5475
,,0,2023-05-24T12:08:38.526520844Z,2023-05-31T12:08:38.526520844Z,2023-05-29T22:44:16.440269904Z,CREATE,file_event,NFCORE_SAREK:SAREK:BAM_VARIANT_CALLING_TUMOR_ONLY_ALL:BAM_VARIANT_CALLING_SINGLE_STRELKA:STRELKA_SINGLE (SRR11452474) (5475),NFCORE_SAREK:SAREK:BAM_VARIANT_CALLING_TUMOR_ONLY_ALL:BAM_VARIANT_CALLING_SINGLE_STRELKA:STRELKA_SINGLE (SRR11452474) (5475),/home/nilsd/nextflow/build/work/17/74760049988bc361ba9d2f1e7f9c9d/strelka/workspace/pyflow.data/logs/tmp/taskWrapperLogs/000/009/taskWrapperParameters.pickle,1817092,5475
,,0,2023-05-24T12:08:38.526520844Z,2023-05-31T12:08:38.526520844Z,2023-05-29T22:44:16.443450156Z,CREATE,file_event,NFCORE_SAREK:SAREK:BAM_VARIANT_CALLING_TUMOR_ONLY_ALL:BAM_VARIANT_CALLING_SINGLE_STRELKA:STRELKA_SINGLE (SRR11452474) (5475),NFCORE_SAREK:SAREK:BAM_VARIANT_CALLING_TUMOR_ONLY_ALL:BAM_VARIANT_CALLING_SINGLE_STRELKA:STRELKA_SINGLE (SRR11452474) (5475),/home/nilsd/nextflow/build/work/17/74760049988bc361ba9d2f1e7f9c9d/strelka/workspace/pyflow.data/logs/tmp/taskWrapperLogs/000/007/pyflowTaskWrapper.signal.txt,1817092,5475
,,0,2023-05-24T12:08:38.526520844Z,2023-05-31T12:08:38.526520844Z,2023-05-29T22:44:16.446849214Z,CREATE,file_event,NFCORE_SAREK:SAREK:BAM_VARIANT_CALLING_TUMOR_ONLY_ALL:BAM_VARIANT_CALLING_SINGLE_STRELKA:STRELKA_SINGLE (SRR11452474) (5475),NFCORE_SAREK:SAREK:BAM_VARIANT_CALLING_TUMOR_ONLY_ALL:BAM_VARIANT_CALLING_SINGLE_STRELKA:STRELKA_SINGLE (SRR11452474) (5475),/home/nilsd/nextflow/build/work/17/74760049988bc361ba9d2f1e7f9c9d/strelka/workspace/pyflow.data/logs/tmp/taskWrapperLogs/000/009/pyflowTaskWrapper.signal.txt,1817092,5475
,,0,2023-05-24T12:08:38.526520844Z,2023-05-31T12:08:38.526520844Z,2023-05-29T22:44:16.464276149Z,CREATE,file_event,NFCORE_SAREK:SAREK:BAM_VARIANT_CALLING_TUMOR_ONLY_ALL:BAM_VARIANT_CALLING_SINGLE_STRELKA:STRELKA_SINGLE (SRR11452474) (5475),NFCORE_SAREK:SAREK:BAM_VARIANT_CALLING_TUMOR_ONLY_ALL:BAM_VARIANT_CALLING_SINGLE_STRELKA:STRELKA_SINGLE (SRR11452474) (5475),/home/nilsd/nextflow/build/work/17/74760049988bc361ba9d2f1e7f9c9d/strelka/results/variants/genome.S1.vcf.gz.tbi,1817092,5475
,,0,2023-05-24T12:08:38.526520844Z,2023-05-31T12:08:38.526520844Z,2023-05-29T22:44:16.503804858Z,CREATE,file_event,NFCORE_SAREK:SAREK:BAM_VARIANT_CALLING_TUMOR_ONLY_ALL:BAM_VARIANT_CALLING_SINGLE_STRELKA:STRELKA_SINGLE (SRR11452474) (5475),NFCORE_SAREK:SAREK:BAM_VARIANT_CALLING_TUMOR_ONLY_ALL:BAM_VARIANT_CALLING_SINGLE_STRELKA:STRELKA_SINGLE (SRR11452474) (5475),/home/nilsd/nextflow/build/work/17/74760049988bc361ba9d2f1e7f9c9d/strelka/results/variants/variants.vcf.gz.tbi,1817092,5475
,,0,2023-05-24T12:08:38.526520844Z,2023-05-31T12:08:38.526520844Z,2023-05-29T22:44:16.511360919Z,CREATE,file_event,NFCORE_SAREK:SAREK:BAM_VARIANT_CALLING_TUMOR_ONLY_ALL:BAM_VARIANT_CALLING_SINGLE_STRELKA:STRELKA_SINGLE (SRR11452474) (5475),NFCORE_SAREK:SAREK:BAM_VARIANT_CALLING_TUMOR_ONLY_ALL:BAM_VARIANT_CALLING_SINGLE_STRELKA:STRELKA_SINGLE (SRR11452474) (5475),/home/nilsd/nextflow/build/work/17/74760049988bc361ba9d2f1e7f9c9d/strelka/workspace/pyflow.data/logs/tmp/taskWrapperLogs/000/012,1817092,5475
,,0,2023-05-24T12:08:38.526520844Z,2023-05-31T12:08:38.526520844Z,2023-05-29T22:44:16.513487886Z,CREATE,file_event,NFCORE_SAREK:SAREK:BAM_VARIANT_CALLING_TUMOR_ONLY_ALL:BAM_VARIANT_CALLING_SINGLE_STRELKA:STRELKA_SINGLE (SRR11452474) (5475),NFCORE_SAREK:SAREK:BAM_VARIANT_CALLING_TUMOR_ONLY_ALL:BAM_VARIANT_CALLING_SINGLE_STRELKA:STRELKA_SINGLE (SRR11452474) (5475),/home/nilsd/nextflow/build/work/17/74760049988bc361ba9d2f1e7f9c9d/strelka/workspace/pyflow.data/logs/tmp/taskWrapperLogs/000/012/taskWrapperParameters.pickle,1817092,5475
,,0,2023-05-24T12:08:38.526520844Z,2023-05-31T12:08:38.526520844Z,2023-05-29T22:44:16.516769311Z,CREATE,file_event,NFCORE_SAREK:SAREK:BAM_VARIANT_CALLING_TUMOR_ONLY_ALL:BAM_VARIANT_CALLING_SINGLE_STRELKA:STRELKA_SINGLE (SRR11452474) (5475),NFCORE_SAREK:SAREK:BAM_VARIANT_CALLING_TUMOR_ONLY_ALL:BAM_VARIANT_CALLING_SINGLE_STRELKA:STRELKA_SINGLE (SRR11452474) (5475),/home/nilsd/nextflow/build/work/17/74760049988bc361ba9d2f1e7f9c9d/strelka/workspace/pyflow.data/logs/tmp/taskWrapperLogs/000/012/taskWrapperParameters.pickle,1817092,5475
,,0,2023-05-24T12:08:38.526520844Z,2023-05-31T12:08:38.526520844Z,2023-05-29T22:44:16.519099595Z,CREATE,file_event,NFCORE_SAREK:SAREK:BAM_VARIANT_CALLING_TUMOR_ONLY_ALL:BAM_VARIANT_CALLING_SINGLE_STRELKA:STRELKA_SINGLE (SRR11452474) (5475),NFCORE_SAREK:SAREK:BAM_VARIANT_CALLING_TUMOR_ONLY_ALL:BAM_VARIANT_CALLING_SINGLE_STRELKA:STRELKA_SINGLE (SRR11452474) (5475),/home/nilsd/nextflow/build/work/17/74760049988bc361ba9d2f1e7f9c9d/strelka/workspace/pyflow.data/logs/tmp/taskWrapperLogs/000/010,1817092,5475
,,0,2023-05-24T12:08:38.526520844Z,2023-05-31T12:08:38.526520844Z,2023-05-29T22:44:16.522325038Z,CREATE,file_event,NFCORE_SAREK:SAREK:BAM_VARIANT_CALLING_TUMOR_ONLY_ALL:BAM_VARIANT_CALLING_SINGLE_STRELKA:STRELKA_SINGLE (SRR11452474) (5475),NFCORE_SAREK:SAREK:BAM_VARIANT_CALLING_TUMOR_ONLY_ALL:BAM_VARIANT_CALLING_SINGLE_STRELKA:STRELKA_SINGLE (SRR11452474) (5475),/home/nilsd/nextflow/build/work/17/74760049988bc361ba9d2f1e7f9c9d/strelka/workspace/pyflow.data/logs/tmp/taskWrapperLogs/000/010/taskWrapperParameters.pickle,1817092,5475
,,0,2023-05-24T12:08:38.526520844Z,2023-05-31T12:08:38.526520844Z,2023-05-29T22:44:16.525288362Z,CREATE,file_event,NFCORE_SAREK:SAREK:BAM_VARIANT_CALLING_TUMOR_ONLY_ALL:BAM_VARIANT_CALLING_SINGLE_STRELKA:STRELKA_SINGLE (SRR11452474) (5475),NFCORE_SAREK:SAREK:BAM_VARIANT_CALLING_TUMOR_ONLY_ALL:BAM_VARIANT_CALLING_SINGLE_STRELKA:STRELKA_SINGLE (SRR11452474) (5475),/home/nilsd/nextflow/build/work/17/74760049988bc361ba9d2f1e7f9c9d/strelka/workspace/pyflow.data/logs/tmp/taskWrapperLogs/000/012/pyflowTaskWrapper.signal.txt,1817092,5475
,,0,2023-05-24T12:08:38.526520844Z,2023-05-31T12:08:38.526520844Z,2023-05-29T22:44:16.527792872Z,CREATE,file_event,NFCORE_SAREK:SAREK:BAM_VARIANT_CALLING_TUMOR_ONLY_ALL:BAM_VARIANT_CALLING_SINGLE_STRELKA:STRELKA_SINGLE (SRR11452474) (5475),NFCORE_SAREK:SAREK:BAM_VARIANT_CALLING_TUMOR_ONLY_ALL:BAM_VARIANT_CALLING_SINGLE_STRELKA:STRELKA_SINGLE (SRR11452474) (5475),/home/nilsd/nextflow/build/work/17/74760049988bc361ba9d2f1e7f9c9d/strelka/workspace/pyflow.data/logs/tmp/taskWrapperLogs/000/010/pyflowTaskWrapper.signal.txt,1817092,5475
,,0,2023-05-24T12:08:38.526520844Z,2023-05-31T12:08:38.526520844Z,2023-05-29T22:44:16.529963751Z,DELETE,file_event,NFCORE_SAREK:SAREK:BAM_VARIANT_CALLING_TUMOR_ONLY_ALL:BAM_VARIANT_CALLING_SINGLE_STRELKA:STRELKA_SINGLE (SRR11452474) (5475),NFCORE_SAREK:SAREK:BAM_VARIANT_CALLING_TUMOR_ONLY_ALL:BAM_VARIANT_CALLING_SINGLE_STRELKA:STRELKA_SINGLE (SRR11452474) (5475),/home/nilsd/nextflow/build/work/17/74760049988bc361ba9d2f1e7f9c9d/strelka/workspace/genomeSegment.tmpdir/segment.chromId_081_GL000194_1_0000.variants.vcf,1817092,5475
,,0,2023-05-24T12:08:38.526520844Z,2023-05-31T12:08:38.526520844Z,2023-05-29T22:44:16.531686556Z,DELETE,file_event,NFCORE_SAREK:SAREK:BAM_VARIANT_CALLING_TUMOR_ONLY_ALL:BAM_VARIANT_CALLING_SINGLE_STRELKA:STRELKA_SINGLE (SRR11452474) (5475),NFCORE_SAREK:SAREK:BAM_VARIANT_CALLING_TUMOR_ONLY_ALL:BAM_VARIANT_CALLING_SINGLE_STRELKA:STRELKA_SINGLE (SRR11452474) (5475),/home/nilsd/nextflow/build/work/17/74760049988bc361ba9d2f1e7f9c9d/strelka/workspace/genomeSegment.tmpdir/runStats.chromId_081_GL000194_1_0000.xml,1817092,5475
,,0,2023-05-24T12:08:38.526520844Z,2023-05-31T12:08:38.526520844Z,2023-05-29T22:44:16.533653079Z,DELETE,file_event,NFCORE_SAREK:SAREK:BAM_VARIANT_CALLING_TUMOR_ONLY_ALL:BAM_VARIANT_CALLING_SINGLE_STRELKA:STRELKA_SINGLE (SRR11452474) (5475),NFCORE_SAREK:SAREK:BAM_VARIANT_CALLING_TUMOR_ONLY_ALL:BAM_VARIANT_CALLING_SINGLE_STRELKA:STRELKA_SINGLE (SRR11452474) (5475),/home/nilsd/nextflow/build/work/17/74760049988bc361ba9d2f1e7f9c9d/strelka/workspace/genomeSegment.tmpdir/segment.chromId_081_GL000194_1_0000.genome.S1.vcf,1817092,5475
,,0,2023-05-24T12:08:38.526520844Z,2023-05-31T12:08:38.526520844Z,2023-05-29T22:44:16.536000453Z,DELETE,file_event,NFCORE_SAREK:SAREK:BAM_VARIANT_CALLING_TUMOR_ONLY_ALL:BAM_VARIANT_CALLING_SINGLE_STRELKA:STRELKA_SINGLE (SRR11452474) (5475),NFCORE_SAREK:SAREK:BAM_VARIANT_CALLING_TUMOR_ONLY_ALL:BAM_VARIANT_CALLING_SINGLE_STRELKA:STRELKA_SINGLE (SRR11452474) (5475),/home/nilsd/nextflow/build/work/17/74760049988bc361ba9d2f1e7f9c9d/strelka/workspace/genomeSegment.tmpdir,1817092,5475
,,0,2023-05-24T12:08:38.526520844Z,2023-05-31T12:08:38.526520844Z,2023-05-29T22:44:16.538269925Z,CREATE,file_event,NFCORE_SAREK:SAREK:BAM_VARIANT_CALLING_TUMOR_ONLY_ALL:BAM_VARIANT_CALLING_SINGLE_STRELKA:STRELKA_SINGLE (SRR11452474) (5475),NFCORE_SAREK:SAREK:BAM_VARIANT_CALLING_TUMOR_ONLY_ALL:BAM_VARIANT_CALLING_SINGLE_STRELKA:STRELKA_SINGLE (SRR11452474) (5475),/home/nilsd/nextflow/build/work/17/74760049988bc361ba9d2f1e7f9c9d/strelka/results/variants/genome.vcf.gz,1817092,5475
,,0,2023-05-24T12:08:38.526520844Z,2023-05-31T12:08:38.526520844Z,2023-05-29T22:44:16.541540969Z,CREATE,file_event,NFCORE_SAREK:SAREK:BAM_VARIANT_CALLING_TUMOR_ONLY_ALL:BAM_VARIANT_CALLING_SINGLE_STRELKA:STRELKA_SINGLE (SRR11452474) (5475),NFCORE_SAREK:SAREK:BAM_VARIANT_CALLING_TUMOR_ONLY_ALL:BAM_VARIANT_CALLING_SINGLE_STRELKA:STRELKA_SINGLE (SRR11452474) (5475),/home/nilsd/nextflow/build/work/17/74760049988bc361ba9d2f1e7f9c9d/strelka/results/variants/genome.vcf.gz.tbi,1817092,5475
,,0,2023-05-24T12:08:38.526520844Z,2023-05-31T12:08:38.526520844Z,2023-05-29T22:44:18.794004302Z,CREATE,file_event,NFCORE_SAREK:SAREK:BAM_VARIANT_CALLING_TUMOR_ONLY_ALL:BAM_VARIANT_CALLING_SINGLE_STRELKA:STRELKA_SINGLE (SRR11452474) (5475),NFCORE_SAREK:SAREK:BAM_VARIANT_CALLING_TUMOR_ONLY_ALL:BAM_VARIANT_CALLING_SINGLE_STRELKA:STRELKA_SINGLE (SRR11452474) (5475),/home/nilsd/nextflow/build/work/17/74760049988bc361ba9d2f1e7f9c9d/strelka/workspace/pyflow.data/state/pyflow_tasks_runstate.txt.update.incomplete,1817092,5475
,,0,2023-05-24T12:08:38.526520844Z,2023-05-31T12:08:38.526520844Z,2023-05-29T22:44:18.797276376Z,DELETE,file_event,NFCORE_SAREK:SAREK:BAM_VARIANT_CALLING_TUMOR_ONLY_ALL:BAM_VARIANT_CALLING_SINGLE_STRELKA:STRELKA_SINGLE (SRR11452474) (5475),NFCORE_SAREK:SAREK:BAM_VARIANT_CALLING_TUMOR_ONLY_ALL:BAM_VARIANT_CALLING_SINGLE_STRELKA:STRELKA_SINGLE (SRR11452474) (5475),/home/nilsd/nextflow/build/work/17/74760049988bc361ba9d2f1e7f9c9d/strelka/workspace/pyflow.data/active_pyflow_process.txt,1817092,5475
,,0,2023-05-24T12:08:38.526520844Z,2023-05-31T12:08:38.526520844Z,2023-05-29T22:44:18.800082825Z,CREATE,file_event,NFCORE_SAREK:SAREK:BAM_VARIANT_CALLING_TUMOR_ONLY_ALL:BAM_VARIANT_CALLING_SINGLE_STRELKA:STRELKA_SINGLE (SRR11452474) (5475),NFCORE_SAREK:SAREK:BAM_VARIANT_CALLING_TUMOR_ONLY_ALL:BAM_VARIANT_CALLING_SINGLE_STRELKA:STRELKA_SINGLE (SRR11452474) (5475),/home/nilsd/nextflow/build/work/17/74760049988bc361ba9d2f1e7f9c9d/strelka/workflow.exitcode.txt,1817092,5475
,,0,2023-05-24T12:08:38.526520844Z,2023-05-31T12:08:38.526520844Z,2023-05-29T22:44:18.858163715Z,CREATE,file_event,NFCORE_SAREK:SAREK:BAM_VARIANT_CALLING_TUMOR_ONLY_ALL:BAM_VARIANT_CALLING_SINGLE_STRELKA:STRELKA_SINGLE (SRR11452474) (5475),NFCORE_SAREK:SAREK:BAM_VARIANT_CALLING_TUMOR_ONLY_ALL:BAM_VARIANT_CALLING_SINGLE_STRELKA:STRELKA_SINGLE (SRR11452474) (5475),/home/nilsd/nextflow/build/work/17/74760049988bc361ba9d2f1e7f9c9d/versions.yml,1817092,5475
,,0,2023-05-24T12:08:38.526520844Z,2023-05-31T12:08:38.526520844Z,2023-05-29T22:44:19.165055998Z,CREATE,file_event,NFCORE_SAREK:SAREK:BAM_VARIANT_CALLING_TUMOR_ONLY_ALL:BAM_VARIANT_CALLING_SINGLE_STRELKA:STRELKA_SINGLE (SRR11452474) (5475),NFCORE_SAREK:SAREK:BAM_VARIANT_CALLING_TUMOR_ONLY_ALL:BAM_VARIANT_CALLING_SINGLE_STRELKA:STRELKA_SINGLE (SRR11452474) (5475),/home/nilsd/nextflow/build/work/17/74760049988bc361ba9d2f1e7f9c9d/.exitcode,1817092,5475
