#datatype,string,long,dateTime:RFC3339,dateTime:RFC3339,dateTime:RFC3339,double,string,string,string,string,string
#group,false,false,true,true,false,false,true,true,true,true,true
#default,_result,,,,,,,,,,
,result,table,_start,_stop,_time,_value,_field,_measurement,name,pid,tid
,,0,2023-05-24T12:09:23.482924913Z,2023-05-31T12:09:23.482924913Z,2023-05-30T03:32:31.091658224Z,612.36,docker_used_memory_mb,NFCORE_SAREK:SAREK:BAM_VARIANT_CALLING_TUMOR_ONLY_ALL:BAM_VARIANT_CALLING_SINGLE_STRELKA:STRELKA_SINGLE (SRR11452488) (6103),NFCORE_SAREK:SAREK:BAM_VARIANT_CALLING_TUMOR_ONLY_ALL:BAM_VARIANT_CALLING_SINGLE_STRELKA:STRELKA_SINGLE (SRR11452488) (6103),2116088,6103
,,0,2023-05-24T12:09:23.482924913Z,2023-05-31T12:09:23.482924913Z,2023-05-30T03:32:33.091352654Z,685.47,docker_used_memory_mb,NFCORE_SAREK:SAREK:BAM_VARIANT_CALLING_TUMOR_ONLY_ALL:BAM_VARIANT_CALLING_SINGLE_STRELKA:STRELKA_SINGLE (SRR11452488) (6103),NFCORE_SAREK:SAREK:BAM_VARIANT_CALLING_TUMOR_ONLY_ALL:BAM_VARIANT_CALLING_SINGLE_STRELKA:STRELKA_SINGLE (SRR11452488) (6103),2116088,6103
,,0,2023-05-24T12:09:23.482924913Z,2023-05-31T12:09:23.482924913Z,2023-05-30T03:32:35.092116226Z,740.1,docker_used_memory_mb,NFCORE_SAREK:SAREK:BAM_VARIANT_CALLING_TUMOR_ONLY_ALL:BAM_VARIANT_CALLING_SINGLE_STRELKA:STRELKA_SINGLE (SRR11452488) (6103),NFCORE_SAREK:SAREK:BAM_VARIANT_CALLING_TUMOR_ONLY_ALL:BAM_VARIANT_CALLING_SINGLE_STRELKA:STRELKA_SINGLE (SRR11452488) (6103),2116088,6103
,,0,2023-05-24T12:09:23.482924913Z,2023-05-31T12:09:23.482924913Z,2023-05-30T03:32:37.091726542Z,633.12,docker_used_memory_mb,NFCORE_SAREK:SAREK:BAM_VARIANT_CALLING_TUMOR_ONLY_ALL:BAM_VARIANT_CALLING_SINGLE_STRELKA:STRELKA_SINGLE (SRR11452488) (6103),NFCORE_SAREK:SAREK:BAM_VARIANT_CALLING_TUMOR_ONLY_ALL:BAM_VARIANT_CALLING_SINGLE_STRELKA:STRELKA_SINGLE (SRR11452488) (6103),2116088,6103
,,0,2023-05-24T12:09:23.482924913Z,2023-05-31T12:09:23.482924913Z,2023-05-30T03:32:39.091410181Z,710.65,docker_used_memory_mb,NFCORE_SAREK:SAREK:BAM_VARIANT_CALLING_TUMOR_ONLY_ALL:BAM_VARIANT_CALLING_SINGLE_STRELKA:STRELKA_SINGLE (SRR11452488) (6103),NFCORE_SAREK:SAREK:BAM_VARIANT_CALLING_TUMOR_ONLY_ALL:BAM_VARIANT_CALLING_SINGLE_STRELKA:STRELKA_SINGLE (SRR11452488) (6103),2116088,6103
,,0,2023-05-24T12:09:23.482924913Z,2023-05-31T12:09:23.482924913Z,2023-05-30T03:32:41.092120462Z,745.04,docker_used_memory_mb,NFCORE_SAREK:SAREK:BAM_VARIANT_CALLING_TUMOR_ONLY_ALL:BAM_VARIANT_CALLING_SINGLE_STRELKA:STRELKA_SINGLE (SRR11452488) (6103),NFCORE_SAREK:SAREK:BAM_VARIANT_CALLING_TUMOR_ONLY_ALL:BAM_VARIANT_CALLING_SINGLE_STRELKA:STRELKA_SINGLE (SRR11452488) (6103),2116088,6103
,,0,2023-05-24T12:09:23.482924913Z,2023-05-31T12:09:23.482924913Z,2023-05-30T03:32:43.091926473Z,328.75,docker_used_memory_mb,NFCORE_SAREK:SAREK:BAM_VARIANT_CALLING_TUMOR_ONLY_ALL:BAM_VARIANT_CALLING_SINGLE_STRELKA:STRELKA_SINGLE (SRR11452488) (6103),NFCORE_SAREK:SAREK:BAM_VARIANT_CALLING_TUMOR_ONLY_ALL:BAM_VARIANT_CALLING_SINGLE_STRELKA:STRELKA_SINGLE (SRR11452488) (6103),2116088,6103
,,0,2023-05-24T12:09:23.482924913Z,2023-05-31T12:09:23.482924913Z,2023-05-30T03:32:45.091793036Z,283.77,docker_used_memory_mb,NFCORE_SAREK:SAREK:BAM_VARIANT_CALLING_TUMOR_ONLY_ALL:BAM_VARIANT_CALLING_SINGLE_STRELKA:STRELKA_SINGLE (SRR11452488) (6103),NFCORE_SAREK:SAREK:BAM_VARIANT_CALLING_TUMOR_ONLY_ALL:BAM_VARIANT_CALLING_SINGLE_STRELKA:STRELKA_SINGLE (SRR11452488) (6103),2116088,6103
,,0,2023-05-24T12:09:23.482924913Z,2023-05-31T12:09:23.482924913Z,2023-05-30T03:32:47.092386152Z,284.7,docker_used_memory_mb,NFCORE_SAREK:SAREK:BAM_VARIANT_CALLING_TUMOR_ONLY_ALL:BAM_VARIANT_CALLING_SINGLE_STRELKA:STRELKA_SINGLE (SRR11452488) (6103),NFCORE_SAREK:SAREK:BAM_VARIANT_CALLING_TUMOR_ONLY_ALL:BAM_VARIANT_CALLING_SINGLE_STRELKA:STRELKA_SINGLE (SRR11452488) (6103),2116088,6103
,,0,2023-05-24T12:09:23.482924913Z,2023-05-31T12:09:23.482924913Z,2023-05-30T03:32:49.091921004Z,285.82,docker_used_memory_mb,NFCORE_SAREK:SAREK:BAM_VARIANT_CALLING_TUMOR_ONLY_ALL:BAM_VARIANT_CALLING_SINGLE_STRELKA:STRELKA_SINGLE (SRR11452488) (6103),NFCORE_SAREK:SAREK:BAM_VARIANT_CALLING_TUMOR_ONLY_ALL:BAM_VARIANT_CALLING_SINGLE_STRELKA:STRELKA_SINGLE (SRR11452488) (6103),2116088,6103
,,0,2023-05-24T12:09:23.482924913Z,2023-05-31T12:09:23.482924913Z,2023-05-30T03:32:51.091928821Z,286.61,docker_used_memory_mb,NFCORE_SAREK:SAREK:BAM_VARIANT_CALLING_TUMOR_ONLY_ALL:BAM_VARIANT_CALLING_SINGLE_STRELKA:STRELKA_SINGLE (SRR11452488) (6103),NFCORE_SAREK:SAREK:BAM_VARIANT_CALLING_TUMOR_ONLY_ALL:BAM_VARIANT_CALLING_SINGLE_STRELKA:STRELKA_SINGLE (SRR11452488) (6103),2116088,6103
,,0,2023-05-24T12:09:23.482924913Z,2023-05-31T12:09:23.482924913Z,2023-05-30T03:32:53.091469973Z,182.26,docker_used_memory_mb,NFCORE_SAREK:SAREK:BAM_VARIANT_CALLING_TUMOR_ONLY_ALL:BAM_VARIANT_CALLING_SINGLE_STRELKA:STRELKA_SINGLE (SRR11452488) (6103),NFCORE_SAREK:SAREK:BAM_VARIANT_CALLING_TUMOR_ONLY_ALL:BAM_VARIANT_CALLING_SINGLE_STRELKA:STRELKA_SINGLE (SRR11452488) (6103),2116088,6103
,,0,2023-05-24T12:09:23.482924913Z,2023-05-31T12:09:23.482924913Z,2023-05-30T03:32:55.092452141Z,181.51,docker_used_memory_mb,NFCORE_SAREK:SAREK:BAM_VARIANT_CALLING_TUMOR_ONLY_ALL:BAM_VARIANT_CALLING_SINGLE_STRELKA:STRELKA_SINGLE (SRR11452488) (6103),NFCORE_SAREK:SAREK:BAM_VARIANT_CALLING_TUMOR_ONLY_ALL:BAM_VARIANT_CALLING_SINGLE_STRELKA:STRELKA_SINGLE (SRR11452488) (6103),2116088,6103
,,0,2023-05-24T12:09:23.482924913Z,2023-05-31T12:09:23.482924913Z,2023-05-30T03:32:57.092292742Z,181.51,docker_used_memory_mb,NFCORE_SAREK:SAREK:BAM_VARIANT_CALLING_TUMOR_ONLY_ALL:BAM_VARIANT_CALLING_SINGLE_STRELKA:STRELKA_SINGLE (SRR11452488) (6103),NFCORE_SAREK:SAREK:BAM_VARIANT_CALLING_TUMOR_ONLY_ALL:BAM_VARIANT_CALLING_SINGLE_STRELKA:STRELKA_SINGLE (SRR11452488) (6103),2116088,6103
,,0,2023-05-24T12:09:23.482924913Z,2023-05-31T12:09:23.482924913Z,2023-05-30T03:32:59.091665007Z,181.47,docker_used_memory_mb,NFCORE_SAREK:SAREK:BAM_VARIANT_CALLING_TUMOR_ONLY_ALL:BAM_VARIANT_CALLING_SINGLE_STRELKA:STRELKA_SINGLE (SRR11452488) (6103),NFCORE_SAREK:SAREK:BAM_VARIANT_CALLING_TUMOR_ONLY_ALL:BAM_VARIANT_CALLING_SINGLE_STRELKA:STRELKA_SINGLE (SRR11452488) (6103),2116088,6103
,,0,2023-05-24T12:09:23.482924913Z,2023-05-31T12:09:23.482924913Z,2023-05-30T03:33:01.09157178Z,182.11,docker_used_memory_mb,NFCORE_SAREK:SAREK:BAM_VARIANT_CALLING_TUMOR_ONLY_ALL:BAM_VARIANT_CALLING_SINGLE_STRELKA:STRELKA_SINGLE (SRR11452488) (6103),NFCORE_SAREK:SAREK:BAM_VARIANT_CALLING_TUMOR_ONLY_ALL:BAM_VARIANT_CALLING_SINGLE_STRELKA:STRELKA_SINGLE (SRR11452488) (6103),2116088,6103
,,0,2023-05-24T12:09:23.482924913Z,2023-05-31T12:09:23.482924913Z,2023-05-30T03:33:03.092443703Z,184.2,docker_used_memory_mb,NFCORE_SAREK:SAREK:BAM_VARIANT_CALLING_TUMOR_ONLY_ALL:BAM_VARIANT_CALLING_SINGLE_STRELKA:STRELKA_SINGLE (SRR11452488) (6103),NFCORE_SAREK:SAREK:BAM_VARIANT_CALLING_TUMOR_ONLY_ALL:BAM_VARIANT_CALLING_SINGLE_STRELKA:STRELKA_SINGLE (SRR11452488) (6103),2116088,6103
,,0,2023-05-24T12:09:23.482924913Z,2023-05-31T12:09:23.482924913Z,2023-05-30T03:33:05.091966963Z,185.04,docker_used_memory_mb,NFCORE_SAREK:SAREK:BAM_VARIANT_CALLING_TUMOR_ONLY_ALL:BAM_VARIANT_CALLING_SINGLE_STRELKA:STRELKA_SINGLE (SRR11452488) (6103),NFCORE_SAREK:SAREK:BAM_VARIANT_CALLING_TUMOR_ONLY_ALL:BAM_VARIANT_CALLING_SINGLE_STRELKA:STRELKA_SINGLE (SRR11452488) (6103),2116088,6103
,,0,2023-05-24T12:09:23.482924913Z,2023-05-31T12:09:23.482924913Z,2023-05-30T03:33:07.091788452Z,186.41,docker_used_memory_mb,NFCORE_SAREK:SAREK:BAM_VARIANT_CALLING_TUMOR_ONLY_ALL:BAM_VARIANT_CALLING_SINGLE_STRELKA:STRELKA_SINGLE (SRR11452488) (6103),NFCORE_SAREK:SAREK:BAM_VARIANT_CALLING_TUMOR_ONLY_ALL:BAM_VARIANT_CALLING_SINGLE_STRELKA:STRELKA_SINGLE (SRR11452488) (6103),2116088,6103
,,0,2023-05-24T12:09:23.482924913Z,2023-05-31T12:09:23.482924913Z,2023-05-30T03:33:09.091537659Z,187.79,docker_used_memory_mb,NFCORE_SAREK:SAREK:BAM_VARIANT_CALLING_TUMOR_ONLY_ALL:BAM_VARIANT_CALLING_SINGLE_STRELKA:STRELKA_SINGLE (SRR11452488) (6103),NFCORE_SAREK:SAREK:BAM_VARIANT_CALLING_TUMOR_ONLY_ALL:BAM_VARIANT_CALLING_SINGLE_STRELKA:STRELKA_SINGLE (SRR11452488) (6103),2116088,6103
,,0,2023-05-24T12:09:23.482924913Z,2023-05-31T12:09:23.482924913Z,2023-05-30T03:33:11.092341109Z,189.2,docker_used_memory_mb,NFCORE_SAREK:SAREK:BAM_VARIANT_CALLING_TUMOR_ONLY_ALL:BAM_VARIANT_CALLING_SINGLE_STRELKA:STRELKA_SINGLE (SRR11452488) (6103),NFCORE_SAREK:SAREK:BAM_VARIANT_CALLING_TUMOR_ONLY_ALL:BAM_VARIANT_CALLING_SINGLE_STRELKA:STRELKA_SINGLE (SRR11452488) (6103),2116088,6103
,,0,2023-05-24T12:09:23.482924913Z,2023-05-31T12:09:23.482924913Z,2023-05-30T03:33:13.09224333Z,191.52,docker_used_memory_mb,NFCORE_SAREK:SAREK:BAM_VARIANT_CALLING_TUMOR_ONLY_ALL:BAM_VARIANT_CALLING_SINGLE_STRELKA:STRELKA_SINGLE (SRR11452488) (6103),NFCORE_SAREK:SAREK:BAM_VARIANT_CALLING_TUMOR_ONLY_ALL:BAM_VARIANT_CALLING_SINGLE_STRELKA:STRELKA_SINGLE (SRR11452488) (6103),2116088,6103
,,0,2023-05-24T12:09:23.482924913Z,2023-05-31T12:09:23.482924913Z,2023-05-30T03:33:15.091971445Z,191.85,docker_used_memory_mb,NFCORE_SAREK:SAREK:BAM_VARIANT_CALLING_TUMOR_ONLY_ALL:BAM_VARIANT_CALLING_SINGLE_STRELKA:STRELKA_SINGLE (SRR11452488) (6103),NFCORE_SAREK:SAREK:BAM_VARIANT_CALLING_TUMOR_ONLY_ALL:BAM_VARIANT_CALLING_SINGLE_STRELKA:STRELKA_SINGLE (SRR11452488) (6103),2116088,6103
,,0,2023-05-24T12:09:23.482924913Z,2023-05-31T12:09:23.482924913Z,2023-05-30T03:33:17.091632948Z,192.98,docker_used_memory_mb,NFCORE_SAREK:SAREK:BAM_VARIANT_CALLING_TUMOR_ONLY_ALL:BAM_VARIANT_CALLING_SINGLE_STRELKA:STRELKA_SINGLE (SRR11452488) (6103),NFCORE_SAREK:SAREK:BAM_VARIANT_CALLING_TUMOR_ONLY_ALL:BAM_VARIANT_CALLING_SINGLE_STRELKA:STRELKA_SINGLE (SRR11452488) (6103),2116088,6103
,,0,2023-05-24T12:09:23.482924913Z,2023-05-31T12:09:23.482924913Z,2023-05-30T03:33:19.092492329Z,197.11,docker_used_memory_mb,NFCORE_SAREK:SAREK:BAM_VARIANT_CALLING_TUMOR_ONLY_ALL:BAM_VARIANT_CALLING_SINGLE_STRELKA:STRELKA_SINGLE (SRR11452488) (6103),NFCORE_SAREK:SAREK:BAM_VARIANT_CALLING_TUMOR_ONLY_ALL:BAM_VARIANT_CALLING_SINGLE_STRELKA:STRELKA_SINGLE (SRR11452488) (6103),2116088,6103
,,0,2023-05-24T12:09:23.482924913Z,2023-05-31T12:09:23.482924913Z,2023-05-30T03:33:21.09212354Z,197.15,docker_used_memory_mb,NFCORE_SAREK:SAREK:BAM_VARIANT_CALLING_TUMOR_ONLY_ALL:BAM_VARIANT_CALLING_SINGLE_STRELKA:STRELKA_SINGLE (SRR11452488) (6103),NFCORE_SAREK:SAREK:BAM_VARIANT_CALLING_TUMOR_ONLY_ALL:BAM_VARIANT_CALLING_SINGLE_STRELKA:STRELKA_SINGLE (SRR11452488) (6103),2116088,6103
,,0,2023-05-24T12:09:23.482924913Z,2023-05-31T12:09:23.482924913Z,2023-05-30T03:33:24.0919655Z,197.49,docker_used_memory_mb,NFCORE_SAREK:SAREK:BAM_VARIANT_CALLING_TUMOR_ONLY_ALL:BAM_VARIANT_CALLING_SINGLE_STRELKA:STRELKA_SINGLE (SRR11452488) (6103),NFCORE_SAREK:SAREK:BAM_VARIANT_CALLING_TUMOR_ONLY_ALL:BAM_VARIANT_CALLING_SINGLE_STRELKA:STRELKA_SINGLE (SRR11452488) (6103),2116088,6103
,,0,2023-05-24T12:09:23.482924913Z,2023-05-31T12:09:23.482924913Z,2023-05-30T03:33:26.091840289Z,197.29,docker_used_memory_mb,NFCORE_SAREK:SAREK:BAM_VARIANT_CALLING_TUMOR_ONLY_ALL:BAM_VARIANT_CALLING_SINGLE_STRELKA:STRELKA_SINGLE (SRR11452488) (6103),NFCORE_SAREK:SAREK:BAM_VARIANT_CALLING_TUMOR_ONLY_ALL:BAM_VARIANT_CALLING_SINGLE_STRELKA:STRELKA_SINGLE (SRR11452488) (6103),2116088,6103
,,0,2023-05-24T12:09:23.482924913Z,2023-05-31T12:09:23.482924913Z,2023-05-30T03:33:28.091624494Z,197.55,docker_used_memory_mb,NFCORE_SAREK:SAREK:BAM_VARIANT_CALLING_TUMOR_ONLY_ALL:BAM_VARIANT_CALLING_SINGLE_STRELKA:STRELKA_SINGLE (SRR11452488) (6103),NFCORE_SAREK:SAREK:BAM_VARIANT_CALLING_TUMOR_ONLY_ALL:BAM_VARIANT_CALLING_SINGLE_STRELKA:STRELKA_SINGLE (SRR11452488) (6103),2116088,6103
,,0,2023-05-24T12:09:23.482924913Z,2023-05-31T12:09:23.482924913Z,2023-05-30T03:33:30.092102911Z,198.35,docker_used_memory_mb,NFCORE_SAREK:SAREK:BAM_VARIANT_CALLING_TUMOR_ONLY_ALL:BAM_VARIANT_CALLING_SINGLE_STRELKA:STRELKA_SINGLE (SRR11452488) (6103),NFCORE_SAREK:SAREK:BAM_VARIANT_CALLING_TUMOR_ONLY_ALL:BAM_VARIANT_CALLING_SINGLE_STRELKA:STRELKA_SINGLE (SRR11452488) (6103),2116088,6103
,,0,2023-05-24T12:09:23.482924913Z,2023-05-31T12:09:23.482924913Z,2023-05-30T03:33:32.091923958Z,199.23,docker_used_memory_mb,NFCORE_SAREK:SAREK:BAM_VARIANT_CALLING_TUMOR_ONLY_ALL:BAM_VARIANT_CALLING_SINGLE_STRELKA:STRELKA_SINGLE (SRR11452488) (6103),NFCORE_SAREK:SAREK:BAM_VARIANT_CALLING_TUMOR_ONLY_ALL:BAM_VARIANT_CALLING_SINGLE_STRELKA:STRELKA_SINGLE (SRR11452488) (6103),2116088,6103
,,0,2023-05-24T12:09:23.482924913Z,2023-05-31T12:09:23.482924913Z,2023-05-30T03:33:34.091386332Z,200.18,docker_used_memory_mb,NFCORE_SAREK:SAREK:BAM_VARIANT_CALLING_TUMOR_ONLY_ALL:BAM_VARIANT_CALLING_SINGLE_STRELKA:STRELKA_SINGLE (SRR11452488) (6103),NFCORE_SAREK:SAREK:BAM_VARIANT_CALLING_TUMOR_ONLY_ALL:BAM_VARIANT_CALLING_SINGLE_STRELKA:STRELKA_SINGLE (SRR11452488) (6103),2116088,6103
,,0,2023-05-24T12:09:23.482924913Z,2023-05-31T12:09:23.482924913Z,2023-05-30T03:33:36.092113557Z,200.31,docker_used_memory_mb,NFCORE_SAREK:SAREK:BAM_VARIANT_CALLING_TUMOR_ONLY_ALL:BAM_VARIANT_CALLING_SINGLE_STRELKA:STRELKA_SINGLE (SRR11452488) (6103),NFCORE_SAREK:SAREK:BAM_VARIANT_CALLING_TUMOR_ONLY_ALL:BAM_VARIANT_CALLING_SINGLE_STRELKA:STRELKA_SINGLE (SRR11452488) (6103),2116088,6103
,,0,2023-05-24T12:09:23.482924913Z,2023-05-31T12:09:23.482924913Z,2023-05-30T03:33:38.09185008Z,201.06,docker_used_memory_mb,NFCORE_SAREK:SAREK:BAM_VARIANT_CALLING_TUMOR_ONLY_ALL:BAM_VARIANT_CALLING_SINGLE_STRELKA:STRELKA_SINGLE (SRR11452488) (6103),NFCORE_SAREK:SAREK:BAM_VARIANT_CALLING_TUMOR_ONLY_ALL:BAM_VARIANT_CALLING_SINGLE_STRELKA:STRELKA_SINGLE (SRR11452488) (6103),2116088,6103
,,0,2023-05-24T12:09:23.482924913Z,2023-05-31T12:09:23.482924913Z,2023-05-30T03:33:40.091660825Z,204.5,docker_used_memory_mb,NFCORE_SAREK:SAREK:BAM_VARIANT_CALLING_TUMOR_ONLY_ALL:BAM_VARIANT_CALLING_SINGLE_STRELKA:STRELKA_SINGLE (SRR11452488) (6103),NFCORE_SAREK:SAREK:BAM_VARIANT_CALLING_TUMOR_ONLY_ALL:BAM_VARIANT_CALLING_SINGLE_STRELKA:STRELKA_SINGLE (SRR11452488) (6103),2116088,6103
,,0,2023-05-24T12:09:23.482924913Z,2023-05-31T12:09:23.482924913Z,2023-05-30T03:33:42.092340708Z,218.75,docker_used_memory_mb,NFCORE_SAREK:SAREK:BAM_VARIANT_CALLING_TUMOR_ONLY_ALL:BAM_VARIANT_CALLING_SINGLE_STRELKA:STRELKA_SINGLE (SRR11452488) (6103),NFCORE_SAREK:SAREK:BAM_VARIANT_CALLING_TUMOR_ONLY_ALL:BAM_VARIANT_CALLING_SINGLE_STRELKA:STRELKA_SINGLE (SRR11452488) (6103),2116088,6103
,,0,2023-05-24T12:09:23.482924913Z,2023-05-31T12:09:23.482924913Z,2023-05-30T03:33:44.09240502Z,219.63,docker_used_memory_mb,NFCORE_SAREK:SAREK:BAM_VARIANT_CALLING_TUMOR_ONLY_ALL:BAM_VARIANT_CALLING_SINGLE_STRELKA:STRELKA_SINGLE (SRR11452488) (6103),NFCORE_SAREK:SAREK:BAM_VARIANT_CALLING_TUMOR_ONLY_ALL:BAM_VARIANT_CALLING_SINGLE_STRELKA:STRELKA_SINGLE (SRR11452488) (6103),2116088,6103
,,0,2023-05-24T12:09:23.482924913Z,2023-05-31T12:09:23.482924913Z,2023-05-30T03:33:46.092108801Z,218.92,docker_used_memory_mb,NFCORE_SAREK:SAREK:BAM_VARIANT_CALLING_TUMOR_ONLY_ALL:BAM_VARIANT_CALLING_SINGLE_STRELKA:STRELKA_SINGLE (SRR11452488) (6103),NFCORE_SAREK:SAREK:BAM_VARIANT_CALLING_TUMOR_ONLY_ALL:BAM_VARIANT_CALLING_SINGLE_STRELKA:STRELKA_SINGLE (SRR11452488) (6103),2116088,6103
,,0,2023-05-24T12:09:23.482924913Z,2023-05-31T12:09:23.482924913Z,2023-05-30T03:33:48.091834203Z,218.91,docker_used_memory_mb,NFCORE_SAREK:SAREK:BAM_VARIANT_CALLING_TUMOR_ONLY_ALL:BAM_VARIANT_CALLING_SINGLE_STRELKA:STRELKA_SINGLE (SRR11452488) (6103),NFCORE_SAREK:SAREK:BAM_VARIANT_CALLING_TUMOR_ONLY_ALL:BAM_VARIANT_CALLING_SINGLE_STRELKA:STRELKA_SINGLE (SRR11452488) (6103),2116088,6103
,,0,2023-05-24T12:09:23.482924913Z,2023-05-31T12:09:23.482924913Z,2023-05-30T03:33:50.091686198Z,220.2,docker_used_memory_mb,NFCORE_SAREK:SAREK:BAM_VARIANT_CALLING_TUMOR_ONLY_ALL:BAM_VARIANT_CALLING_SINGLE_STRELKA:STRELKA_SINGLE (SRR11452488) (6103),NFCORE_SAREK:SAREK:BAM_VARIANT_CALLING_TUMOR_ONLY_ALL:BAM_VARIANT_CALLING_SINGLE_STRELKA:STRELKA_SINGLE (SRR11452488) (6103),2116088,6103
,,0,2023-05-24T12:09:23.482924913Z,2023-05-31T12:09:23.482924913Z,2023-05-30T03:33:52.092207614Z,38.64,docker_used_memory_mb,NFCORE_SAREK:SAREK:BAM_VARIANT_CALLING_TUMOR_ONLY_ALL:BAM_VARIANT_CALLING_SINGLE_STRELKA:STRELKA_SINGLE (SRR11452488) (6103),NFCORE_SAREK:SAREK:BAM_VARIANT_CALLING_TUMOR_ONLY_ALL:BAM_VARIANT_CALLING_SINGLE_STRELKA:STRELKA_SINGLE (SRR11452488) (6103),2116088,6103
,,0,2023-05-24T12:09:23.482924913Z,2023-05-31T12:09:23.482924913Z,2023-05-30T03:33:54.09242056Z,39.19,docker_used_memory_mb,NFCORE_SAREK:SAREK:BAM_VARIANT_CALLING_TUMOR_ONLY_ALL:BAM_VARIANT_CALLING_SINGLE_STRELKA:STRELKA_SINGLE (SRR11452488) (6103),NFCORE_SAREK:SAREK:BAM_VARIANT_CALLING_TUMOR_ONLY_ALL:BAM_VARIANT_CALLING_SINGLE_STRELKA:STRELKA_SINGLE (SRR11452488) (6103),2116088,6103
,,0,2023-05-24T12:09:23.482924913Z,2023-05-31T12:09:23.482924913Z,2023-05-30T03:33:56.09209202Z,38.4,docker_used_memory_mb,NFCORE_SAREK:SAREK:BAM_VARIANT_CALLING_TUMOR_ONLY_ALL:BAM_VARIANT_CALLING_SINGLE_STRELKA:STRELKA_SINGLE (SRR11452488) (6103),NFCORE_SAREK:SAREK:BAM_VARIANT_CALLING_TUMOR_ONLY_ALL:BAM_VARIANT_CALLING_SINGLE_STRELKA:STRELKA_SINGLE (SRR11452488) (6103),2116088,6103
,,0,2023-05-24T12:09:23.482924913Z,2023-05-31T12:09:23.482924913Z,2023-05-30T03:33:58.091895043Z,38.35,docker_used_memory_mb,NFCORE_SAREK:SAREK:BAM_VARIANT_CALLING_TUMOR_ONLY_ALL:BAM_VARIANT_CALLING_SINGLE_STRELKA:STRELKA_SINGLE (SRR11452488) (6103),NFCORE_SAREK:SAREK:BAM_VARIANT_CALLING_TUMOR_ONLY_ALL:BAM_VARIANT_CALLING_SINGLE_STRELKA:STRELKA_SINGLE (SRR11452488) (6103),2116088,6103
,,0,2023-05-24T12:09:23.482924913Z,2023-05-31T12:09:23.482924913Z,2023-05-30T03:34:00.091595232Z,38.45,docker_used_memory_mb,NFCORE_SAREK:SAREK:BAM_VARIANT_CALLING_TUMOR_ONLY_ALL:BAM_VARIANT_CALLING_SINGLE_STRELKA:STRELKA_SINGLE (SRR11452488) (6103),NFCORE_SAREK:SAREK:BAM_VARIANT_CALLING_TUMOR_ONLY_ALL:BAM_VARIANT_CALLING_SINGLE_STRELKA:STRELKA_SINGLE (SRR11452488) (6103),2116088,6103
,,0,2023-05-24T12:09:23.482924913Z,2023-05-31T12:09:23.482924913Z,2023-05-30T03:34:02.092363765Z,38.45,docker_used_memory_mb,NFCORE_SAREK:SAREK:BAM_VARIANT_CALLING_TUMOR_ONLY_ALL:BAM_VARIANT_CALLING_SINGLE_STRELKA:STRELKA_SINGLE (SRR11452488) (6103),NFCORE_SAREK:SAREK:BAM_VARIANT_CALLING_TUMOR_ONLY_ALL:BAM_VARIANT_CALLING_SINGLE_STRELKA:STRELKA_SINGLE (SRR11452488) (6103),2116088,6103
,,0,2023-05-24T12:09:23.482924913Z,2023-05-31T12:09:23.482924913Z,2023-05-30T03:34:04.092065194Z,40.09,docker_used_memory_mb,NFCORE_SAREK:SAREK:BAM_VARIANT_CALLING_TUMOR_ONLY_ALL:BAM_VARIANT_CALLING_SINGLE_STRELKA:STRELKA_SINGLE (SRR11452488) (6103),NFCORE_SAREK:SAREK:BAM_VARIANT_CALLING_TUMOR_ONLY_ALL:BAM_VARIANT_CALLING_SINGLE_STRELKA:STRELKA_SINGLE (SRR11452488) (6103),2116088,6103
,,0,2023-05-24T12:09:23.482924913Z,2023-05-31T12:09:23.482924913Z,2023-05-30T03:34:06.092028281Z,38.45,docker_used_memory_mb,NFCORE_SAREK:SAREK:BAM_VARIANT_CALLING_TUMOR_ONLY_ALL:BAM_VARIANT_CALLING_SINGLE_STRELKA:STRELKA_SINGLE (SRR11452488) (6103),NFCORE_SAREK:SAREK:BAM_VARIANT_CALLING_TUMOR_ONLY_ALL:BAM_VARIANT_CALLING_SINGLE_STRELKA:STRELKA_SINGLE (SRR11452488) (6103),2116088,6103
,,0,2023-05-24T12:09:23.482924913Z,2023-05-31T12:09:23.482924913Z,2023-05-30T03:34:08.09143063Z,38.31,docker_used_memory_mb,NFCORE_SAREK:SAREK:BAM_VARIANT_CALLING_TUMOR_ONLY_ALL:BAM_VARIANT_CALLING_SINGLE_STRELKA:STRELKA_SINGLE (SRR11452488) (6103),NFCORE_SAREK:SAREK:BAM_VARIANT_CALLING_TUMOR_ONLY_ALL:BAM_VARIANT_CALLING_SINGLE_STRELKA:STRELKA_SINGLE (SRR11452488) (6103),2116088,6103
,,0,2023-05-24T12:09:23.482924913Z,2023-05-31T12:09:23.482924913Z,2023-05-30T03:34:10.092210703Z,38.36,docker_used_memory_mb,NFCORE_SAREK:SAREK:BAM_VARIANT_CALLING_TUMOR_ONLY_ALL:BAM_VARIANT_CALLING_SINGLE_STRELKA:STRELKA_SINGLE (SRR11452488) (6103),NFCORE_SAREK:SAREK:BAM_VARIANT_CALLING_TUMOR_ONLY_ALL:BAM_VARIANT_CALLING_SINGLE_STRELKA:STRELKA_SINGLE (SRR11452488) (6103),2116088,6103
,,0,2023-05-24T12:09:23.482924913Z,2023-05-31T12:09:23.482924913Z,2023-05-30T03:34:12.092292473Z,38.36,docker_used_memory_mb,NFCORE_SAREK:SAREK:BAM_VARIANT_CALLING_TUMOR_ONLY_ALL:BAM_VARIANT_CALLING_SINGLE_STRELKA:STRELKA_SINGLE (SRR11452488) (6103),NFCORE_SAREK:SAREK:BAM_VARIANT_CALLING_TUMOR_ONLY_ALL:BAM_VARIANT_CALLING_SINGLE_STRELKA:STRELKA_SINGLE (SRR11452488) (6103),2116088,6103
,,0,2023-05-24T12:09:23.482924913Z,2023-05-31T12:09:23.482924913Z,2023-05-30T03:34:14.091945939Z,39.33,docker_used_memory_mb,NFCORE_SAREK:SAREK:BAM_VARIANT_CALLING_TUMOR_ONLY_ALL:BAM_VARIANT_CALLING_SINGLE_STRELKA:STRELKA_SINGLE (SRR11452488) (6103),NFCORE_SAREK:SAREK:BAM_VARIANT_CALLING_TUMOR_ONLY_ALL:BAM_VARIANT_CALLING_SINGLE_STRELKA:STRELKA_SINGLE (SRR11452488) (6103),2116088,6103
,,0,2023-05-24T12:09:23.482924913Z,2023-05-31T12:09:23.482924913Z,2023-05-30T03:34:16.091855114Z,38.55,docker_used_memory_mb,NFCORE_SAREK:SAREK:BAM_VARIANT_CALLING_TUMOR_ONLY_ALL:BAM_VARIANT_CALLING_SINGLE_STRELKA:STRELKA_SINGLE (SRR11452488) (6103),NFCORE_SAREK:SAREK:BAM_VARIANT_CALLING_TUMOR_ONLY_ALL:BAM_VARIANT_CALLING_SINGLE_STRELKA:STRELKA_SINGLE (SRR11452488) (6103),2116088,6103
